-0.69027, 0.235668, -0.639687, 0.205782, 0.243864, -0.7956, 0.182957, 0.146227, 0.0249517, -0.105853, -0.0251155, -0.330948, -0.359273, -0.436985, -0.489847, -0.664533, 
0.353851, -0.335543, 0.0445514, 0.0726121, -0.242459, 0.134082, -0.232647, 0.0925175, -0.907452, -0.931159, 0.125722, -0.172597, 0.0226372, -0.123632, -0.0872526, 0.121984, 
0.142886, -0.221428, -0.0766259, 0.0270136, 0.0235818, 0.160467, 0.0850445, -0.00514678, 0.0280838, -0.000434962, 0.118792, -0.0373259, -0.734044, -0.145851, -0.320877, 0.0808732, 
-0.680861, -0.275124, -0.438522, 0.0870261, 0.304628, -0.0356653, -0.419395, -0.35605, 0.210116, -0.214828, 0.138125, -0.405538, -0.744373, 0.169871, -0.887265, 0.1427, 
0.105607, -0.646759, -0.0460867, -0.856382, 0.143423, -0.921005, -0.639566, -0.492182, 0.0932847, 0.0295739, 0.220284, -0.896858, -0.420727, -0.0856542, -0.266496, 0.205959, 
-0.17838, -0.279875, -0.457094, -0.157144, 0.176768, -0.0872061, -0.813573, -0.621682, -1.04911, 0.221683, 0.0296248, -0.598359, -0.3474, -0.184113, 0.187476, -0.464008, 
0.104702, 0.111677, -0.186404, -0.341398, -0.173508, -0.0883753, -0.132048, -0.502808, 0.0790947, -0.154892, -0.0277822, -0.112751, 0.110826, -0.14236, 0.132859, -0.156407, 
-0.0744884, -0.29426, -0.100692, -0.27302, -0.174206, -0.219657, 0.0305839, -0.0675954, 0.199315, -0.543972, 0.164344, -0.602863, -0.00803056, -0.0431227, 0.106355, -0.46706, 
0.153883, -0.314509, 0.263938, -0.784198, -0.621804, -0.701398, -0.625841, 0.219683, -0.627605, 0.161924, -1.02509, -0.588507, -0.528023, 0.180885, -0.153995, -0.309715, 
-1.08068, 0.00339255, 0.0625631, 0.0799972, -0.0795015, -0.260098, 0.110548, -1.01519, 0.153433, -0.0640656, -0.412709, 0.558293, -0.850936, -0.198609, -0.483798, 0.0829578, 
-0.521922, 0.00285572, -0.448166, -0.285371, -0.57861, -0.624774, -0.969927, 0.461549, 0.114688, 0.163813, -0.0714118, 0.112203, -0.107753, 0.0529809, 0.187607, -0.0993031, 
-0.0573714, 0.0528576, -0.289785, 0.0714968, -0.815539, -0.628194, 0.0766256, -0.179583, -0.312419, 0.00901484, -0.627887, 0.104404, -0.219136, -0.0330711, 0.12268, -0.107114, 
0.0857539, -0.133723, -0.164211, -0.0503667, 0.166154, -0.066004, -0.151017, -0.723867, -0.548534, 0.0300241, -0.037419, -0.0194354, -0.358539, 0.141546, -0.987708, -0.840905, 
4.20359e-05, -0.171584, 0.411641, -0.158386, -0.741192, -0.452246, -0.0396261, -0.46488, -0.802697, -0.0311874, -0.361324, -0.503321, 0.200441, 0.214812, -0.110922, 0.242829, 
-0.690314, -0.159861, -0.404292, 0.238151, -0.528533, 0.250381, 0.188127, -0.612565, -0.64865, 0.418492, -0.552816, 0.0402884, -0.531789, -0.529749, 0.0432005, -0.117912, 
-0.551344, 0.171051, 0.102649, -0.527331, -0.647889, -0.187697, -0.0404589, -0.00999145, 0.11973, 0.104791, -0.914623, -0.285116, -0.684462, -0.0456093, 0.0416498, -0.252888, 
0.099949, -0.941363, 0.0529216, -0.231293, -0.0303186, -0.0121432, -0.286475, 0.145339, -1.02, -0.497822, 0.0164976, -0.608632, -0.057196, -0.0344991, -0.244615, 0.0309949, 
-0.507931, 0.201965, -0.312102, 0.109969, -0.144533, -0.193857, 0.126197, -0.873439, 0.0219206, -0.0561839, 0.0783699, -0.13778, -0.101626, 0.159476, -0.0846481, 0.16086, 
0.0778099, -0.602049, 0.253491, 0.0601895, 0.0513511, -0.744543, 0.0905312, 0.0261523, -0.427462, 0.180615, 0.124285, -0.0928345, -0.672065, -0.297424, -0.373745, -0.671531, 
0.145395, 0.226413, -0.338001, -0.684414, -0.602435, -0.033554, -0.332799, 0.181282, 0.22012, -0.266893, -0.613678, -0.49749, -0.599546, 0.194612, 0.045225, -0.734132, 
0.187108, 0.155217, 0.112825, -0.40702, 0.13939, -0.468793, -0.751275, 0.209293, 0.150151, -0.095509, -0.0790353, -0.107229, -0.131496, 0.177488, 0.131678, -0.0587422, 
0.0785671, -0.63046, 0.03398, 0.102049, 0.200527, -0.533492, -0.0382799, -0.0191908, -0.0286639, 0.00602494, 0.114443, 0.0333157, -0.0599468, 0.00241327, -0.546083, -0.492989, 
0.361857, -0.760828, -0.0978395, 0.102649, 0.112246, -0.915749, 0.182519, -0.560863, -0.241834, 0.0691214, -0.744597, -0.631621, -0.421796, -0.45128, -0.803043, 0.228005, 
-0.138115, 0.356136, -0.0253037, -0.585932, -0.0542546, -0.46185, 0.166864, -0.055626, -0.974085, 0.158558, 0.0292819, -0.107552, -0.0433639, 0.208578, -0.810861, 0.119957, 
-0.658791, -0.691414, 0.158903, 0.0390876, -0.182978, 0.257205, -1.01173, -0.456164, 0.0730992, 0.0606141, 0.122232, -0.346083, 0.103174, -0.453771, -0.715804, -0.528137, 
-0.601276, 0.0649539, -0.0686574, -0.643845, 0.0833454, 0.0899239, -0.0621753, -0.229596, -0.0261153, -0.513704, -0.990421, -0.012189, -0.0147136, 0.0879973, -0.0322641, -0.130664, 
-0.16636, -0.0989315, -0.195401, -0.314661, -0.515512, 0.0594348, -0.524738, 0.0521907, -0.710142, 0.135919, 0.178473, -0.918691, -0.247308, 0.131579, -0.363278, 0.0537363, 
-0.587307, 0.176361, 0.149581, 0.168435, 0.121899, -0.654528, -0.355097, 0.103547, -0.549519, -0.608717, 0.129433, -0.0872639, -0.301248, 0.0790655, -0.186791, -0.00140539, 
-0.279365, -0.718673, 0.387234, -0.51108, -0.266538, -0.279426, 0.369762, 0.0200654, 0.271935, 0.0990132, -0.0806774, -0.574249, -0.263944, -0.570292, 0.00644497, -0.621241, 
-0.335573, -0.022076, 0.171372, -0.653017, -0.493917, -0.187378, 0.167674, -0.764489, 0.180187, 0.0552563, -0.128166, 0.141936, -0.870689, 0.111849, -0.349033, -0.26495, 
0.125639, -1.09262, 0.231522, 0.063993, 0.0738218, 0.0613421, -0.50245, -1.11568, 0.126182, -0.0115681, -0.46506, -0.172848, -0.304808, -0.499155, 0.213267, 0.264418, 
-0.601456, 0.204323, -0.113793, -0.0304819, -0.307435, -0.978626, 0.177912, -0.861454, -0.443832, -0.196468, -0.30472, 0.184577, 0.204823, -0.770835, -0.00471642, -0.932406, 
-0.0932691, 0.129748, 0.0962132, 0.179926, -0.450463, 0.038462, -0.0722703, 0.13419, 0.00755794, 0.0925456, 0.0816189, -0.701577, -0.546295, 0.195709, -0.417161, -0.510606, 
0.0161312, 0.208986, -0.594517, -0.641979, -0.484013, 0.199327, -0.609945, 0.288273, -0.55781, -0.212666, 0.0894071, 0.0519091, -0.765087, 0.440514, -0.386186, -0.311535, 
-0.747672, -0.335509, -0.390053, -0.101734, -0.0206604, -0.0348005, 0.0625295, -0.76081, -0.624382, 0.215801, -0.526934, 0.183912, -0.716957, -0.531797, 0.243505, -0.576714, 
0.0199947, 0.0468111, 0.0648788, -0.026551, -0.0865277, -0.0617944, -0.0197071, -0.0433073, -0.102649, -0.663066, 0.035924, -0.0236777, -0.0750201, -0.785748, 0.130389, 0.197195, 
-0.150046, 0.0745771, -0.677713, -0.00821179, -0.415645, -0.817954, -0.56908, 0.172191, -0.335397, 0.13953, -0.231118, -0.289516, -0.0498961, -0.790883, -0.0402186, -0.365867, 
-0.142734, -0.0962877, -0.169426, 0.226864, -0.563445, -0.035391, -0.833691, -0.921786, 0.169953, -0.460251, 0.0258803, -0.368763, -0.0404002, -0.476176, -0.173836, -0.642604, 
0.23059, -0.148509, -0.257762, -0.891355, -0.507614, -0.783228, 0.19581, 0.282178, -0.914303, -0.0319244, -0.0170058, 0.0990929, 0.183974, -0.292511, 0.159305, -1.05642, 
0.0085001, -0.345616, -0.00623012, 0.0528617, -0.911026, 0.0679919, 0.247051, -0.338053, 0.056814, -0.831458, -0.959637, 0.259097, -0.869283, 0.124275, -0.00867815, -0.537532, 
-0.566931, -0.0615982, -0.0123694, -0.476361, -0.406372, -0.623349, -0.282254, -0.900932, -0.184535, -0.993908, 0.440805, 0.0286917, -0.383462, -0.562749, -0.0305724, -0.632007, 
0.115702, 0.0551652, -0.384351, -0.269499, -0.0353125, 0.158188, -0.73492, -0.0764703, -0.00263855, -0.683005, -0.167462, -0.928695, 0.0107618, -0.671908, 0.193121, 0.309439, 
0.148134, 0.00921822, 0.126743, -0.124852, -0.429704, 0.0430187, -0.714126, 0.120227, 0.310626, -0.0771183, -0.563557, -0.515671, -0.339159, -0.567693, -0.165374, 0.113514, 
-0.703738, 0.0168331, -0.927394, -0.0282233, 0.135866, -0.214249, -0.292872, -0.652819, -0.503179, -0.0390496, -0.607098, 0.665155, 0.058913, 0.0842021, -0.57986, -0.452162, 
0.144415, -0.504746, -0.0753736, 0.090821, 0.0998421, 0.110553, 0.0699871, -0.882792, 0.140072, 0.0640007, 0.0717017, -0.470737, -0.194028, 0.180212, -0.713794, 0.125828, 
-0.76294, -0.380868, -0.613214, 0.359646, 0.0946394, -0.384003, -0.0597832, -0.459465, -0.178273, -0.0711293, -0.0859339, -0.0524949, 0.143443, -0.0742681, -0.202285, 0.321344, 
-0.403322, -0.397274, -0.875443, -0.201298, -0.221574, 0.0415214, -0.392478, -0.426527, -0.753836, -0.493296, -0.792384, 0.201491, 0.320662, -0.206353, 0.161046, 0.00893429, 
0.0878827, 0.0602435, -0.229961, -0.108009, -0.0371884, -0.444179, -0.570124, 0.163632, 0.166332, 0.0496377, 0.264886, -0.425089, 0.0902146, -0.641517, 0.136269, 0.15875, 
-0.631275, -0.653276, -0.207594, -0.194429, 0.180417, -0.0595673, 0.096887, 0.181762, -0.15258, -0.0240043, -0.438344, 0.100423, -0.115323, 0.239943, -0.932395, -0.405506, 
-0.0537897, -0.121892, -0.111696, 0.0194823, 0.0926243, -0.052198, -0.092169, 0.178233, -0.522343, 0.249085, -0.0279193, -0.392075, -0.301687, -0.58655, -0.587329, 0.124766, 
-0.683399, 0.147238, 0.154289, -0.161304, 0.0262828, 0.103438, -0.552685, 0.156627, -0.0741367, -0.453339, 0.00696427, -0.0181558, 0.0534102, 0.0680491, 0.108297, -0.528305, 
-1.10622, 0.0614401, 0.0721723, -0.552478, -0.0761932, -0.437916, 0.222151, -0.675826, -0.646126, 0.317764, 0.157936, -0.0573699, 0.0205089, -0.586823, -0.835202, 0.163529, 
0.259639, -0.756062, -0.241905, -0.42662, -0.101478, 0.159843, -0.150435, -0.729553, 0.0425646, -0.266393, -0.527138, -0.805408, -0.768077, 0.249794, 0.496111, -0.508984, 
-0.295736, -0.621303, -0.0175327, -0.359977, -0.601573, 0.490937, -0.208557, -0.376877, 0.147066, -0.405375, 0.128202, -0.329943, -0.377216, 0.0940753, -0.49765, 0.0303721, 
0.012811, 0.121237, 0.00107306, -0.663615, -0.450811, -0.247801, 0.3477, 0.164829, -0.153889, -0.411323, -0.239574, -0.568063, 0.0299801, -0.501838, -0.582617, 0.457568, 
-0.977416, -0.50557, -0.00374713, -0.131296, -0.108703, -0.0719062, -0.0625248, 0.111355, -0.0716248, -0.220076, 0.249135, -0.609155, 0.0662491, -0.8576, 0.104339, 0.158625
