-0.262499, -0.197068, 0.107567, -0.184625, -0.375525, 0.124077, 0.216218, 0.0708474, -0.0846702, 0.0796213, 0.084855, -0.0197795, -0.249992, -0.0112581, -0.175081, -0.0335084, 
-0.175949, 0.0097752, 0.0863236, 0.109898, -0.202327, 0.0835845, 0.0786734, -0.063564, 0.0411973, -0.413317, -0.334233, -0.491291, 0.107885, -0.148226, -0.239226, -0.537236, 
-0.031311, -0.0627518, 0.0465672, -0.265431, -0.194564, -0.155073, -0.203406, 0.137808, -0.305641, -0.315687, -0.529029, -0.46724, 0.0667814, 0.0564343, 0.0506306, 0.127791, 
-0.185989, -0.514194, -0.465885, -0.439919, -0.049462, -0.0433244, 0.0108294, 0.00633973, 0.209629, 0.107958, -0.18302, -0.356436, 0.0454887, -0.14408, -0.343048, -0.0499279, 
-0.0772171, 0.0334375, -0.236702, -0.357065, 0.251133, 0.222021, -0.108138, 0.172538, 0.0993893, -0.0935662, 0.156915, -0.386016, -0.508135, -0.256445, -0.24388, -0.0285292, 
-0.151126, -0.298595, -0.118549, 0.0111924, -0.229119, -0.107951, -0.491035, 0.155477, 0.113955, -0.114253, -0.33588, -0.271481, -0.326092, -0.493114, 0.140044, 0.127634, 
-0.0311778, -0.0710632, -0.172135, -0.121452, -0.0860725, 0.0496317, -0.12181, 0.19279, 0.0684159, 0.17459, 0.0964333, -0.149242, -0.013494, 0.0265422, -0.208316, -0.203895, 
-0.127299, 0.174735, 0.182465, 0.017165, 0.0682468, -0.0993901, -0.110171, 0.125921, 0.0472963, -0.293435, -0.560645, -0.212485, 0.17249, 0.161056, -0.0743316, 0.102391, 
-0.107917, 0.18908, -0.196164, -0.198962, -0.147235, -0.273998, -0.0947083, 0.0434998, -0.189208, -0.0230396, -0.0359516, -0.0105576, -0.535798, -0.329467, 0.0912587, 0.0858359, 
0.0150205, -0.289382, -0.195809, 0.136475, -0.135517, -0.435742, -0.292751, -0.25566, 0.0846377, 0.071699, -0.125848, -0.0970115, 0.11249, -0.10512, -0.149899, 0.115785, 
-0.00417808, -0.287142, -0.498896, -0.128803, -0.184903, 0.0841109, -0.163587, 0.139463, -0.230064, -0.137433, 0.217147, 0.175765, 0.198386, -0.26611, -0.338546, 0.0371494, 
0.0399987, 0.0981098, 0.00770469, -0.210973, 0.0309608, 0.0150484, -0.0192814, -0.160637, -0.367507, -0.51021, 0.00657702, 0.20697, 0.198822, 0.066823, 0.147945, -0.10874, 
0.0790142, -0.0371006, -0.115958, -0.172182, -0.218472, -0.479213, -0.48176, 0.15366, 0.0693445, -0.160921, -0.530223, -0.471315, -0.336163, -0.45409, 0.169123, 0.151593, 
0.216401, 0.224696, -0.0759886, 0.153065, -0.0955178, 0.147629, 0.163602, -0.00329366, -0.0948057, -0.133221, 0.141765, -0.05758, -0.168121, 0.0806101, 0.0834083, -0.145491, 
0.0600233, 0.0785526, -0.019172, -0.21668, -0.289016, 0.0348126, 0.0358123, -0.35946, -0.258235, 0.0763242, 0.0629236, 0.0605523, -0.182006, -0.393565, -0.386287, -0.121134, 
-0.624201, -0.361511, 0.0163186, 0.171748, 0.100937, 0.00698787, -0.183737, 0.198073, 0.25167, -0.0221565, -0.339808, -0.259717, -0.290861, 0.0404089, -0.286333, -0.0587287, 
-0.101087, -0.256197, -0.124011, -0.0582418, -0.124399, -0.124686, 0.0198288, 0.0355781, -0.0706373, 0.178973, -0.299094, -0.589521, -0.454586, -0.00109792, 0.152612, -0.271111, 
-0.213707, -0.431968, -0.350001, -0.00314348, -0.193259, -0.0695677, 0.117175, 0.10947, 0.137369, -0.0684712, 0.125505, 0.147472, -0.483529, -0.167918, -0.267967, -0.117514, 
-0.157687, -0.072891, -0.0235758, -0.0675303, 0.163056, -0.147475, 0.0995146, 0.0790254, 0.0330063, 0.00199083, -0.604661, -0.283054, -0.36998, -0.229475, 0.010693, 0.204469, 
-0.0242572, -0.163926, 0.111937, -0.148129, 0.0736931, -0.0564626, -0.0613252, -0.356437, -0.173855, -0.0803521, 0.18823, 0.192841, -0.327328, -0.292455, -0.0716504, 0.186236, 
-0.0602634, -0.0166904, 0.0314828, -0.139127, -0.0396573, 0.0864593, -0.0515663, 0.15377, 0.0523496, -0.060284, 0.166225, -0.212068, -0.236945, -0.218864, 0.147446, -0.0189625, 
0.0469978, -0.158067, -0.467235, -0.506341, -0.117135, 0.158521, 0.149148, -0.00909226, -0.124174, -0.131637, -0.0374598, 0.172981, 0.0960999, -0.517571, 0.00582494, 0.116806, 
-0.194674, -0.00355542, -0.160919, -0.00503353, -0.0989284, -0.44056, -0.0876463, -0.305351, 0.059581, 0.138957, 0.11674, 0.134257, -0.101065, 0.128652, 0.134887, -0.0632277, 
-0.126536, 0.0348798, -0.090797, 0.08909, -0.219902, -0.0756464, 0.0463509, 0.129512, 0.0844675, -0.435152, -0.159917, -0.230216, -0.293558, 0.202126, 0.209398, -0.152161, 
-0.445132, 0.0584745, -0.148694, -0.104237, 0.0899723, -0.154488, 0.067284, -0.124949, 0.149078, 0.15231, 0.113617, 0.154649, -0.456008, -0.596128, -0.316406, -0.455215, 
-0.268331, 0.218319, 0.0618063, 0.0498934, 0.0720005, 0.17858, -0.414249, -0.227425, 0.187536, 0.121632, 0.106054, 0.0257585, -0.281427, -0.203366, 0.0758248, -0.125183, 
0.0258894, 0.117903, -0.358349, -0.500738, -0.139842, 0.0374867, 0.00373306, -0.00749555, 0.11541, 0.139035, 0.0414005, -0.400883, -0.392009, -0.292144, -0.1864, 0.0203854, 
-0.163034, 0.120529, -0.0301634, -0.0107886, -0.19579, 0.0975617, -0.157108, -0.138658, -0.151533, -0.0502032, -0.137666, -0.151997, 0.104012, 0.123919, 0.0628623, -0.157288, 
0.239894, -0.31546, -0.238049, -0.629537, -0.416486, 0.126333, -0.118131, -0.487118, -0.570036, -0.803963, -0.776332, -0.305033, 0.0497788, 0.0620401, -0.224922, -0.137229, 
0.0421634, 0.185463, 0.0955236, -0.142585, -0.118364, -0.205509, -0.189979, 0.113315, 0.15967, 0.11762, -0.321441, -0.48302, -0.176077, -0.196927, 0.020864, 0.0130079, 
-0.257661, -0.207667, -0.0241783, 0.0549737, 0.0121193, -0.228318, -0.547757, -0.161147, 0.0913174, 0.0993904, -0.207249, -0.2209, 0.235837, 0.166646, -0.171424, -0.281338, 
-0.303409, -0.052018, 0.147244, 0.145178, -0.079269, 0.110265, -0.465785, -0.557001, 0.0816404, 0.141951, -0.0283873, -0.0862747, 0.0102075, -0.10608, -0.0847893, 0.209149, 
0.209834, 0.169979, 0.113747, -0.402294, -0.394443, 0.0242283, -0.533331, -0.346742, -0.272143, -0.0358801, 0.126832, -0.0637426, 0.0316658, -0.00443396, -0.321313, -0.00585437, 
-0.291281, 0.0537961, -0.152324, 0.143752, -0.405614, -0.439986, 0.012238, 0.0103684, 0.0298527, -0.0520623, -0.313007, -0.0725476, -0.107369, -0.0704205, 0.102395, -0.165962, 
0.00869241, -0.0160016, 0.00168851, 0.0818107, 0.151276, -0.0390945, 0.0853012, -0.119657, 0.105539, 0.13115, -0.122593, -0.009362, -0.402234, -0.226037, 0.107596, 0.167827, 
-0.0431232, 0.130666, 0.0895888, 0.0989881, -0.456692, -0.392972, 0.100172, -0.356014, -0.108276, -0.516147, 0.185261, 0.0799085, -0.0108223, -0.226664, 0.176073, 0.206968, 
0.170494, -0.0910292, -0.260285, -0.588918, -0.412462, 0.0885119, -0.123251, 0.0897995, -0.0415432, 0.0426576, -0.016414, -0.159209, 0.0644886, -0.0703184, 0.00310277, 0.132969, 
-0.216615, 0.114753, 0.144194, -0.536346, -0.255022, -0.293927, 0.113374, 0.112576, 0.0291323, 0.0628639, 0.0406323, -0.0435122, -0.256735, -0.382385, -0.173466, 0.0440106, 
-0.126796, -0.0833669, -0.197786, 0.162104, 0.0951295, -0.401435, -0.434216, -0.231067, 0.142097, 0.164621, 0.110352, 0.0651016, -0.523191, -0.0859661, 0.0060028, -0.472209, 
-0.303876, 0.175984, 0.173508, 0.182138, 0.100953, -0.042655, -0.331018, -0.211801, 0.165743, -0.114948, 0.159424, -0.0443305, -0.180965, -0.00218955, 0.0335469, 0.014782, 
-0.031569, -0.156036, -0.0391223, 0.147644, -0.238983, -0.481706, -0.0165058, -0.151886, 0.0660356, 0.0581632, 0.0277348, 0.0589785, 0.0949345, 0.0599406, 0.124201, -0.634207, 
-0.699133, -0.554406, -0.639344, -0.451424, -0.444372, 0.21099, 0.198845, 0.10434, -0.297838, -0.399271, -0.404588, -0.462589, 0.148998, 0.145321, 0.054815, -0.159469, 
-0.146029, -0.0795047, 0.14855, 0.165508, -0.0101599, 0.169325, -0.0791765, -0.217835, 0.0291624, 0.0778051, 0.0606516, 0.0772333, -0.366798, -0.19092, -0.116901, -0.379714, 
-0.38923, 0.0858406, 0.128765, 0.123673, 0.120893, -0.153272, 0.140371, -0.10988, -0.147632, -0.0486898, 0.0960446, -0.071654, 0.12392, -0.100739, -0.210221, -0.581256, 
-0.508321, -0.0917531, -0.184809, 0.0562607, -0.3339, -0.260367, 0.0547791, 0.111657, -0.0645792, 0.087975, -0.565889, -0.280736, -0.365406, 0.0911253, 0.050656, 0.174996, 
0.153092, -0.0256748, 0.0221925, -0.0786355, 0.00308199, -0.139664, 0.0255514, -0.188573, 0.0637683, 0.0306579, 0.0629192, 0.0166432, -0.656875, -0.475223, -0.323263, -0.0321406, 
-0.0239475, -0.282237, -0.210091, 0.0662667, 0.0844274, 0.0303032, -0.0378253, -0.206422, 0.0768822, 0.131375, -0.047962, -0.575467, -0.247544, 0.0484185, 0.128336, 0.0863604, 
0.0949493, -0.37729, -0.443583, 0.141533, 0.247298, -0.0543483, -0.0616642, -0.436269, 0.0190423, 0.0391081, -0.00174107, -0.150108, -0.367704, -0.34508, -0.124578, -0.259785, 
0.0676875, 0.04472, -0.214742, -0.335663, 0.186988, 0.0213129, 0.145143, -0.203067, -0.0693933, -0.247129, -0.0206076, -0.206387, 0.115037, -0.095936, 0.196665, -0.0606026, 
0.178674, -0.0764989, -0.0670502, -0.109071, -0.106299, 0.146968, -0.0402582, -0.186599, 0.154611, 0.00605778, -0.0331385, 0.0135265, 0.0926948, 0.187467, 0.1138, 0.0924107, 
-0.0905218, -0.363643, -0.259405, 0.142115, 0.133632, 0.0690464, 0.153326, 0.0690143, -0.0280552, 0.00902464, -0.440181, -0.527124, -0.485102, -0.37471, -0.00215557, -0.0351318, 
0.0448746, -0.0427069, 0.0969577, 0.0559032, -0.0857873, -0.117483, 0.0205531, -0.1653, -0.202251, 0.16766, 0.147227, 0.171412, 0.0536221, 0.125562, 0.0030059, 0.0515178, 
-0.176104, 0.12022, -0.0734634, -0.286282, -0.736895, -0.162408, 0.152173, 0.156566, -0.425588, -0.132954, 0.162456, 0.125024, 0.0808287, -0.222126, -0.014356, -0.253826, 
-0.0434174, 0.0901311, -0.0769543, -0.2009, -0.0416194, 0.139105, 0.0886731, 0.1872, 0.0447048, -0.210809, 0.00761235, 0.114604, -0.208184, -0.0943704, -0.0320924, 0.0723545, 
0.117634, 0.104374, 0.0393473, -0.471027, 0.126643, 0.109993, 0.0183025, -0.26097, -0.0589722, -0.0576825, -0.21346, 0.118397, 0.114178, 0.125407, -0.0608925, -0.564374, 
-0.627963, -0.533047, 0.133864, 0.106033, 0.105211, 0.0323936, 0.0629944, -0.496375, -0.320558, -0.190469, -0.0107089, -0.336515, -0.0915707, -0.165488, -0.0057151, 0.127507
