0.150261, -0.0547283, -0.120869, 0.111216, 0.0312315, 0.142096, -0.264374, -0.026387, -0.0324027, 0.0135078, 0.058795, 0.122964, 0.00916437, 0.00590761, 0.0554521, -0.165757, 
0.274117, 0.122676, 0.108063, -0.186916, -0.253929, 0.00859456, 0.0799473, -0.085137, 0.113926, 0.0923752, -0.096907, -0.0597534, 0.0299307, -0.0739342, 0.189949, -0.178778, 
-0.249142, 0.044092, 0.098536, -0.0106439, 0.00702898, 0.0745492, 0.13093, -0.0931152, 0.165792, 0.247789, 0.0652529, 0.0726419, -0.116305, 0.017947, 0.00143686, -0.140334, 
-0.140466, -0.0799578, 0.0912826, -0.199834, 0.0250142, -0.0973626, -0.00243933, 0.0871191, 0.117321, 0.0357514, 0.0250394, -0.175566, -0.175724, 0.0895764, -0.185447, -0.0272314, 
0.0876619, -0.00772018, -0.230824, -0.139402, -0.0540323, -0.0932896, -0.0962216, -0.197223, -0.119324, 0.14426, -0.0133747, 0.116896, -0.142851, 0.0856106, -0.0382642, -0.0577044, 
0.0187965, 0.0749429, -0.0915573, 0.109519, -0.151577, -0.138365, 0.0851081, 0.306316, -0.199912, -0.0691765, -0.0333808, 0.0270126, -0.143172, 0.146636, 0.120942, 0.115041, 
-0.356868, 0.131068, -0.13451, -0.09799, -0.0569214, 0.0106918, -0.147993, -0.0507482, 0.175047, 0.221524, 0.0426007, 0.0991827, -0.0790203, -0.177334, 0.0901038, -0.156306, 
0.0774327, -0.0167753, 0.0811901, 0.0656706, -0.114974, 0.220984, 0.098541, 0.168691, 0.228992, 0.197697, 0.253919, 0.0768048, -0.150805, 0.228019, -0.0634431, 0.0199702, 
0.144557, -0.138369, 0.173588, 0.163343, -0.0562287, 0.298871, 0.0901753, -0.178727, -0.0413976, -0.230324, -0.00124243, 0.0374062, 0.265165, -0.206647, -0.0348596, -0.165888, 
0.0276048, -0.032466, 0.0311324, 0.187225, 0.219711, -0.035072, -0.0561317, 0.0654832, 0.113253, 0.301887, 0.00473829, -0.052016, 0.366208, -0.0235476, 0.245472, -0.187541, 
-0.083633, -0.126875, 0.367014, 0.062825, 0.358403, -0.0948337, -0.0555325, -0.0287241, 0.197007, 0.24116, 0.0910191, 0.216046, 0.0839752, 0.285678, -0.107411, 0.21734, 
0.133302, -0.104625, 0.107359, 0.0901961, 0.0978626, 0.0287914, -0.152003, -0.183246, 0.107656, 0.163852, 0.0938777, 0.213182, -0.204546, 0.0504954, 0.213939, -0.0273695, 
-0.0530464, 0.120304, 0.115085, -0.0789316, -0.116113, -0.0771508, 0.0413968, -0.15009, 0.134787, 0.00266443, 0.0202553, 0.0358532, -0.13568, -0.07465, 0.028317, 0.163521, 
0.219978, -0.0074379, 0.0328051, -0.0839229, 0.113127, -0.0981012, 0.005863, 0.177445, -0.090067, -0.125011, 0.0982655, 0.153372, -0.046124, -0.000585463, 0.210423, 0.0656933, 
-0.168389, 0.134678, -0.139357, 0.0806172, 0.0677813, -0.0558465, -0.0209478, 0.0125212, 0.198442, 0.0821184, 0.137896, -0.134599, -0.0244405, 0.0628942, 0.0152117, -0.0211973, 
-0.136755, -0.148543, 0.0808659, -0.300444, -0.00826112, 0.157781, 0.0172203, 0.116935, 0.0802128, 0.0881163, 0.158718, -0.0936823, -0.0221021, 0.0686322, -0.00867446, -0.0568261, 
-0.0146077, 0.0121541, 0.119654, -0.010363, 0.104602, 0.0476295, 0.0276393, 0.0996898, -0.199779, 0.0233031, -0.0436024, -0.0880501, -0.025372, 0.108661, 0.0281653, 0.0401261, 
-0.136947, 0.0698945, 0.0638344, 0.0796099, 0.0126351, -0.235994, 0.0651328, -0.00350803, 0.044759, -0.0466687, -0.217821, 0.026437, 0.187947, -0.0896769, -0.158293, 0.108256, 
0.0955736, 0.0688113, 0.0289799, -0.0243969, -0.00374847, -0.07978, 0.107128, -0.0149773, -0.137822, 0.0634505, 0.0422666, -0.128343, 0.109269, 0.0567213, -0.216481, 0.101957, 
0.13255, -0.0951945, -0.0507688, 0.169364, -0.0386162, 0.0891081, 0.0945064, 0.0786178, -0.0901939, 0.00326675, 0.0471788, 0.126229, -0.0893139, 0.148991, -0.0429388, 0.11203, 
0.223661, -0.0681796, 0.127898, -0.13734, 0.390608, 0.0582673, 0.184555, -0.0612045, 0.137923, -0.206021, -0.0557545, -0.160506, 0.0484409, -0.125357, -0.0742265, -0.10366, 
0.00576465, -0.0727238, 0.260476, 0.141466, -0.178054, -0.126144, -0.112737, 0.159336, 0.233709, -0.123009, 0.0801325, 0.255124, -0.0331469, 0.0962552, 0.0265317, -0.159743, 
0.15158, -0.14307, 0.0405462, 0.21228, 0.169608, -0.000432143, 0.0298103, 0.191345, -0.127262, -0.108803, -0.0171173, 0.134919, -0.0756585, 0.212766, -0.109624, 0.19239, 
-0.0590317, 0.0748254, 0.330087, 0.28201, -0.0775611, -0.114366, 0.0985837, 0.0863879, 0.101501, 0.321994, 0.0647827, 0.323403, -0.0775414, -0.103481, 0.00239779, 0.054676, 
-0.0440352, 0.125846, -0.169839, 0.15972, 0.0685555, 0.111339, -0.258357, -0.111924, -0.194979, 0.0530955, 0.0499217, 0.17, -0.18701, -0.122894, 0.25869, -0.0115204, 
0.0440702, -0.107059, -0.0680384, -0.00930259, -0.131011, 0.0507396, 0.0717396, 0.239974, 0.0744816, 0.0711156, 0.105268, 0.0826929, -0.201803, 0.0586201, 0.116888, -0.100703, 
-0.0814122, -0.0277132, -0.0448871, 0.128711, 0.00572335, 0.173698, 0.172161, 0.0274159, 0.306867, 0.0765821, 0.133122, 0.00681124, 0.0702769, 0.0176709, 0.173609, -0.119981, 
0.1484, -0.173107, 0.283017, 0.0146987, 0.00416097, 0.26833, -0.0578997, 0.0721367, 0.131332, 0.13563, 0.169349, 0.0364837, -0.118566, 0.191231, 0.0130892, 0.291765, 
0.294261, -0.208376, 0.390414, 0.128164, 0.210308, -0.269007, 0.299895, -0.113483, 0.050398, -0.0739322, 0.219102, 0.222001, -0.170695, -0.0739187, 0.114541, 0.0790708, 
0.202487, 0.23302, 0.0831815, -0.077018, 0.41219, 0.241481, -0.00989461, -0.10948, 0.0523898, 0.0987759, 0.0785766, 0.25389, 0.32977, -0.309638, 0.195979, 0.0439824, 
-0.104217, 0.21113, 0.132087, -0.156364, 0.149737, 0.0441217, 0.0448487, -0.0214274, 0.0415806, 0.076812, 0.381051, 0.123726, 0.12432, 0.561064, 0.125668, 0.414567, 
0.0687415, 0.181114, -0.0783334, 0.194512, 0.328574, 0.0982288, -0.130891, 0.128721, -0.259038, 0.0070454, 0.209702, -0.290769, -0.0642301, 0.201932, 0.0803738, -0.129532, 
-0.0772362, -0.00331797, 0.144502, -0.170621, -0.032165, 0.0874546, 0.286326, 0.0251595, 0.0950486, -0.241183, -0.0966742, 0.0379936, -0.0561526, 0.00474992, 0.199593, 0.00412406, 
-0.263025, -0.187593, 0.162834, -0.024285, -0.182003, 0.0397835, 0.149726, -0.0251126, 0.194281, 0.0951869, 0.113222, 0.201417, 0.0134794, -0.00794218, 0.0954867, -0.0416668, 
0.0956045, 0.0166904, -0.0412248, -0.0584413, 0.0103236, -0.210653, 0.0398802, 0.124044, 0.210481, -0.0493571, 0.190426, 0.0803251, -0.164005, 0.264788, 0.0331429, 0.255071, 
-0.125217, 0.147863, 0.281364, 0.132631, -0.0657194, -0.0102064, -0.0334771, 0.0737438, 0.111303, 0.195894, 0.135769, 0.0983033, 0.162389, -0.111619, 0.20439, 0.080465, 
-0.0974118, -0.0276858, -0.264491, -0.150462, -0.0951473, -0.0541902, 0.0614004, -0.0604156, -0.178765, 0.0357818, -0.0746568, -0.0679079, -0.193423, -0.0881429, 0.0477989, -0.0331682, 
0.0598212, -0.192059, 0.0548778, -0.205286, 0.0310647, 0.158564, 0.00132586, -0.0181196, -0.00376392, -0.091959, 0.0850597, -0.0305937, 0.0233791, 0.197136, 0.245191, -0.180742, 
-0.203744, 0.0102316, 0.0164147, 0.19032, -0.0332355, 0.114159, 0.116243, 0.0108887, 0.232898, 0.193214, -0.00107359, -0.0828266, 0.0673034, 0.0239896, 0.159019, -0.0890935, 
-0.199805, 0.108584, 0.178264, -0.176253, 0.0771409, 0.0745979, -0.0191048, 0.0686095, 0.130095, -0.0677952, 0.102379, -0.234491, -0.0187331, 0.129794, -0.162394, 0.0897393, 
-0.199086, 0.197674, 0.00755848, -0.0123438, 0.303476, -0.126065, -0.0394432, -0.00497593, 0.160118, -0.0511889, 0.0167337, -0.0727474, -0.0949091, 0.125968, -0.0661649, 0.0180002, 
0.0078374, -0.0876156, 0.0734371, 0.0984631, -0.140481, 0.14184, 0.240085, 0.380845, -0.131299, -0.245798, -0.240344, 0.125943, 0.0639327, 0.32857, 0.0547821, -0.113273, 
0.26324, -0.125578, -0.100623, 0.14511, -0.0419422, 0.0148392, -0.0399488, 0.211219, -0.0740655, 0.0118132, -0.0828399, 0.24686, -0.0767275, -0.305064, 0.11375, 0.168352, 
0.0538724, -0.0253886, 0.0227611, 0.0103478, -0.101101, 0.114352, -0.186239, 0.102963, 0.0810632, 0.0637825, 0.0635066, 0.305101, -0.144898, 0.00642461, 0.200929, 0.247775, 
0.0329071, 0.106132, -0.00703458, -0.0687685, -0.149452, 0.226952, 0.20668, 0.147067, 0.020498, 0.0965882, 0.136164, -0.141363, 0.116718, 0.138775, -0.21544, 0.251875, 
0.0381116, 0.0747587, 0.267213, 0.125058, 0.150284, 0.052657, 0.028944, -0.0183152, 0.000315169, -0.0169007, 0.11458, -0.00605159, 0.134024, 0.166144, -0.006771, -0.045288, 
0.110937, 0.11843, 0.200079, -0.203129, 0.0244918, 0.102245, 0.100195, -0.283617, -0.0130476, -0.0401927, 0.16846, -0.138974, 0.0325952, -0.109298, -0.185886, 0.00847217, 
0.0620719, -0.0799733, -0.208015, 0.0951996, 0.0326951, -0.0433964, 0.098597, 0.177575, -0.120947, -0.252773, -0.191213, -0.186788, -0.201477, -0.0750842, 0.139881, -0.073385, 
0.0825812, -0.170515, 0.23592, -0.0229185, 0.0350497, -0.12932, 0.244881, -0.0266307, -0.0790277, 0.114574, -0.00670274, 0.019929, 0.0187443, -0.130214, 0.0431535, -0.101668, 
-0.108234, -0.0104908, 0.0373504, 0.0946798, -0.0313696, -0.117029, -0.0381059, 0.00161726, 0.114696, 0.195774, -0.00652141, -0.121489, 0.162361, -0.220899, -0.0306154, 0.17123, 
0.0669441, -0.0929168, 0.0543309, 0.140707, 0.0602419, 0.0817207, -0.0879877, -0.0425875, -0.105227, 0.00601369, 0.0285514, 0.0655262, -0.0716306, 0.160412, 0.0357071, 0.022146, 
0.104129, 0.12757, -0.0385859, 0.115926, 0.150166, -0.141136, 0.031682, 0.0261921, -0.0586084, 0.203791, 0.0224396, -0.111216, -0.122569, 0.0225539, -0.0760527, -0.0562688, 
-0.0819894, 0.222885, -0.158155, -0.200451, 0.204457, -0.149619, -0.195284, -0.101197, -0.0996316, -0.254655, 0.055582, -0.0625932, -0.354668, -0.0996599, -0.215671, -0.0620922, 
-0.174436, -0.199856, -0.154187, -0.0315485, -0.326741, -0.143429, -0.0432394, 0.0608216, -0.334869, -0.0718876, -0.0813866, -0.000955896, -0.353716, 0.0726155, 0.197116, 0.0551914, 
-0.135304, -0.14585, -0.244201, 0.352539, -0.121024, -0.0637783, -0.0790818, 0.244712, -0.0706165, 0.0576218, -0.0163759, 0.218394, -0.389482, -0.0927952, -0.0616805, 0.014112, 
-0.142608, -0.18064, 0.374158, 0.172999, -0.408202, 0.179103, 0.00996013, 0.264949, 0.0713969, 0.423378, -0.0428692, 0.354977, -0.183381, 0.0149073, 0.123216, 0.142267, 
0.0040727, -0.0542129, 0.0766845, -0.0269057, 0.146263, 0.0758084, -0.074311, 0.0547136, -0.13729, -0.0302103, 0.0197252, 0.124882, 0.144326, -0.112451, 0.0902931, -0.170884, 
0.0336561, 0.0590763, 0.0190653, 0.0442869, -0.112331, -0.121801, 0.1157, 0.0231075, 0.0167256, 0.0116767, -0.18289, -0.120436, 0.0361139, 0.124262, 0.119849, 0.00561306, 
0.00414144, 0.0111872, -0.00698603, -0.0237635, -0.0134401, -0.0533623, -0.0440882, -0.0432724, 0.0135927, -0.0553396, 0.0184381, 0.0084514, -0.00617339, 0.115342, 0.113818, 0.0901434, 
-0.00397364, -0.0420576, 0.230297, -0.0544, -0.0716557, 0.0713311, -0.0213116, -0.0851378, -0.0216155, 0.299674, -0.0144442, 0.0292779, 0.128679, 0.0284614, 0.0855259, 0.160347, 
0.0829207, -0.119066, -0.0297612, 0.0597879, -0.126009, 0.200445, 0.191405, -0.10161, -0.0394771, 0.126854, -0.170499, 0.124976, 0.226837, -0.108918, 0.0942149, 0.222451, 
0.0660468, 0.070855, 0.411463, -0.232445, 0.140996, -0.0522713, 0.0798752, -0.0438127, 0.288595, 0.135519, -0.0132437, 0.178801, 0.188053, -0.0178767, 0.0802165, -0.0101117, 
0.0826894, 0.0913409, 0.304583, -0.0291767, 0.170455, 0.179899, -0.132775, -0.293082, -0.0432249, -0.174386, 0.15269, -0.120876, 0.168668, 0.0705524, 0.161873, 0.236997, 
0.00945514, 0.0186304, -0.0395851, 0.176281, 0.0726665, -0.0920619, 0.0221583, -0.00172559, 0.174625, -0.132652, -0.17945, -0.0655124, -0.213891, 0.0649787, -0.169459, -0.0836085, 
-0.0391178, -0.0939093, 0.018724, -0.111951, 0.162516, 0.0120894, 0.12022, -0.0169107, -0.129382, -0.250641, -0.0643203, 0.141885, 0.117795, 0.00449669, -0.070821, -0.170004, 
-0.14633, 0.124376, 0.0702494, 0.2461, -0.0521756, 0.12296, -0.172616, 0.0448191, -0.0971846, -0.0608779, -0.0556225, -0.162554, 0.121304, 0.114669, -0.248234, -0.0111842, 
0.108876, -0.322077, 0.0846395, -0.0170167, -0.00175546, -0.16075, 0.0169266, -0.0349669, -0.28064, -0.0364874, 0.00416136, 0.0771888, 0.0169951, -0.0165659, -0.0594913, 0.0978414, 
-0.0651857, 0.145633, 0.220492, 0.163252, 0.11914, -0.0339125, -0.0833433, 0.00284499, 0.0761294, 0.19369, 0.0722578, 0.0996557, 0.059957, -0.140998, 0.291914, 0.043939, 
-0.0789493, -0.187804, -0.0782196, 0.12887, 0.106874, 0.335347, 0.0790019, 0.11183, -0.0846658, -0.177829, -0.216808, -0.0825731, 0.312564, -0.142581, -0.098139, -0.0731598, 
-0.176882, 0.12021, 0.25233, -0.0730231, 0.346506, -0.0379916, -0.0322889, -0.10427, 0.0455268, 0.0360242, -0.187168, 0.295351, 0.254422, 0.106126, 0.00525632, -0.0993716, 
0.255958, -0.0521387, 0.130262, -0.131377, 0.120731, 0.0105654, 0.0683926, 0.0867656, -0.0311002, -0.0827918, 0.079352, 0.0376686, 0.0911753, 0.0962208, -0.00450778, 0.157171, 
0.116536, -0.141061, 0.0727803, 0.206125, -0.00806342, 0.160671, 0.130949, -0.0516465, 0.143522, 0.137883, 0.213922, 0.36603, 0.0127674, 0.133399, 0.335789, -0.0238852, 
0.00195152, 0.0799854, -0.155082, -0.0397873, 0.29951, 0.0744413, -0.26479, 0.0939796, 0.00297601, -0.182326, 0.0401583, -0.128567, -0.260702, -0.0653095, -0.0139753, 0.00357568, 
-0.0481009, -0.0206121, -0.135908, 0.132577, -0.0785175, 0.0722704, 0.209459, 0.147678, -0.213632, -0.17895, 0.104732, -0.310955, -0.23567, 0.236662, 0.0305867, -0.141079, 
0.140267, 0.0814596, -0.153468, 0.315228, -0.277166, -0.183463, 0.0249539, 0.237304, 0.11121, 0.153874, -0.226211, 0.384647, -0.0688317, -0.0856601, 0.0422213, -0.0175373, 
0.00114741, -0.102089, 0.27341, 0.28557, 0.0544466, 0.196822, 0.0154005, 0.0659918, 0.0748175, 0.419025, 0.11786, 0.227306, -0.0630905, -0.0420888, 0.452161, 0.223895, 
0.503537, -0.251533, 0.222977, -0.0242361, 0.128902, 0.254313, 0.315704, 0.109087, 0.165165, -0.0761049, -0.0258174, 0.333072, 0.0020779, 0.130465, 0.297339, -0.0325003, 
0.110932, 0.377332, 0.247117, -0.0435155, 0.511576, 0.0131312, 0.00465281, 0.112265, 0.216791, 0.317248, 0.059171, 0.336401, 0.248642, -0.227856, 0.127694, 0.151076, 
0.00156254, -0.255355, 0.249831, -0.160683, 0.209975, 0.0232619, -0.0334766, -0.0137872, 0.0907061, 0.225732, 0.0867039, 0.242821, 0.203013, 0.397809, 0.293271, 0.484055, 
0.00294789, -0.0974727, 0.0699772, 0.230349, 0.446577, 0.0363028, -0.141675, -0.174573, 0.299375, 0.278253, 0.134928, 0.0877474, -0.120226, 0.236496, 0.0753575, -0.195697, 
0.233144, -0.00657279, 0.0708665, 0.0203704, -0.017761, -0.0451534, -0.0442462, 0.156644, 0.00543789, 0.0408724, -0.227287, 0.137563, -0.0370886, 0.0704529, 0.190207, -0.301819, 
-0.164501, 0.141303, 0.120877, 0.0279818, -0.0373929, 0.0670697, 0.000479618, -0.0337702, 0.0731239, 0.158007, -0.108247, 0.0342122, 0.0911053, -0.255178, -0.0156168, 0.122338, 
-0.0217761, 0.0602204, -0.0853515, -0.132951, 0.021255, 0.0158925, -0.0940523, -0.0860922, 0.172303, 0.137978, 0.109442, -0.0592071, 0.164731, 0.370939, 0.215905, 0.149391, 
0.0403814, -0.163195, -0.00443933, 0.140617, 0.152772, 0.0404444, -0.0924039, -0.0634228, 0.115355, 0.0407078, 0.18174, -0.0648497, 0.0151244, 0.0488887, -0.180697, -0.00969413, 
-0.0718575, 0.220895, -0.0439732, 0.0581116, -0.265888, 0.159976, -0.063427, -0.139147, -0.111382, 0.126145, 0.0455864, 0.0556617, 0.016195, -0.127277, 0.104898, 0.324255, 
0.0255189, 0.0300761, -0.0458833, -0.122545, 0.132046, -0.104011, 0.142182, 0.212942, -0.00898787, -0.078894, 0.117683, -0.0193145, -0.0976736, 0.057287, 0.170383, -0.0796691, 
-0.0640493, 0.0699792, 0.103365, -0.0739807, 0.000154266, -0.120519, -0.0371174, -0.234982, 0.178477, 0.0707684, 0.0723119, -0.237547, 0.219978, -0.138149, 0.140003, -0.191051, 
0.131471, -0.154982, 0.0129211, -0.0296163, 0.20956, -0.00355409, 0.103334, -0.0586486, 0.0475772, -0.192622, -0.0695095, 0.0152091, -0.160359, 0.232046, -0.0498692, 0.0871878, 
0.423543, -0.305757, 0.0587244, -0.142421, -0.275779, 0.255098, 0.198206, -0.0139243, 0.026747, 0.275914, -0.173174, 0.375761, 0.0709024, 0.12811, 0.349794, -0.172513, 
0.382135, 0.425214, 0.0781373, -0.0522007, 0.334454, -0.000301073, -0.190822, 0.0862257, 0.210573, 0.425853, 0.110754, 0.108995, 0.216719, -0.278887, 0.205201, 0.0193233, 
-0.171005, 0.00311847, 0.211746, -0.0566155, 0.0790626, 0.145212, -0.176625, -0.201765, 0.118192, 0.215893, 0.0917265, -0.006835, 0.336695, 0.250485, 0.337743, -0.0157374, 
0.117519, 0.161779, 0.0664244, -0.221138, 0.432254, 0.137596, 0.0188173, -0.244881, 0.162097, 0.200249, 0.375957, 0.0512155, -0.0798341, 0.340913, -0.00523548, -0.152006, 
-0.113765, -0.0436673, 0.063672, -0.0446247, -0.00601245, -0.045143, -0.0733068, 0.116467, 0.0261065, -0.00472015, 0.0280722, -0.0166155, 0.157162, -0.163081, 0.0923393, 0.277866, 
-0.06867, 0.0247718, -0.0298181, 0.0246554, 0.21046, -0.0399316, 0.108161, -0.133707, 0.0843813, -0.067772, -0.0360566, -0.139381, 0.0215494, 0.0281777, 0.177248, 0.0143188, 
-0.0580154, 0.214023, 0.135855, -6.74162e-05, 0.169076, -0.26362, -0.0892202, -0.156616, -0.0130676, -0.123085, 0.0489545, -0.064408, 0.101939, 0.0515418, -0.0985474, -0.0544682, 
0.139403, -0.00773912, -0.163966, -0.119726, 0.0458894, 0.246878, -0.09637, -0.00804423, -0.291483, -0.311741, 0.0200902, -0.0279088, -0.0468711, 0.201344, 0.151773, -0.0418786, 
0.243875, 0.0807219, 0.328789, 0.13226, -0.073209, -0.0306252, 0.181015, -0.114781, 0.150101, -0.0565766, 0.00384114, 0.0536693, 0.0353028, -0.19758, -0.0189792, -0.0857203, 
0.0392877, -0.00499303, 0.180242, 0.156371, -0.0902322, 0.078316, -0.0147258, -0.00602152, 0.0357407, -0.017954, -0.10111, 0.00561572, 0.271499, -0.175995, -0.156834, -0.179385, 
-0.0355141, 0.179013, 0.104051, -0.0923843, 0.233191, 0.109149, 0.0389084, -0.0137264, -0.191453, -0.241039, 0.138221, -0.0416128, -0.146438, 0.333121, -0.0121543, 0.217271, 
0.102168, -0.145591, 0.0142265, -0.137012, -0.0303131, -0.00291209, -0.106636, -0.058026, -0.0885943, -0.128925, 0.0010081, -0.132099, -0.0917938, 0.0279935, -0.0677042, -0.0925958, 
0.0354661, -0.0829528, 0.218885, 0.0343695, 0.183546, -0.128975, 0.31335, -0.148077, -0.136368, -0.0198474, -0.00112639, 0.115751, -0.00741195, 0.0948697, 0.0340576, 0.0610247, 
-0.141427, -0.00180295, 0.0071331, -0.00310378, 0.0388835, -0.131488, -0.118186, -0.206271, 0.00966091, -0.0314078, -0.0184786, -0.0135638, 0.185729, -0.11429, 0.0607907, 0.0351963, 
-0.0157383, 0.0255514, 0.144561, -0.181128, 0.0035423, -0.157207, 0.110633, -0.153521, -0.0428517, -0.112217, -0.0719388, 0.0133665, -0.0489836, 0.14633, 0.0371882, 0.198823, 
-0.0262214, -0.120662, 0.0981197, 0.161816, -0.206426, -0.0423739, 0.0645131, -0.153146, 0.0623665, 0.033216, 0.0493404, 0.0916566, -0.146718, -0.234392, -0.0648197, 0.141735, 
0.0465583, 0.0321591, 0.190625, -0.178347, 0.0668877, 0.0446078, 0.0139313, -0.162245, -0.105259, 0.00671947, -0.0556747, -0.132959, -0.0453469, 0.0409272, -0.124928, 0.0468052, 
-0.202271, -0.0865707, -0.189684, 0.0561152, 0.216874, -0.0842408, 0.106342, 0.145423, -0.0358696, -0.149491, 0.0521255, 0.0878436, -0.146534, 0.0536303, 0.109565, 0.123338, 
0.180035, 0.235775, -0.0446396, 0.0758873, -0.139106, -0.170389, -0.0391155, 0.00399749, 0.0307547, -0.0821222, -0.00812281, -0.133318, -0.0496627, 0.0229334, -0.0673057, -0.00847271, 
-0.0887979, -0.110308, -0.0922166, -0.126585, -0.129196, -0.087333, 0.118535, -0.0601655, -0.161836, 0.0876166, 0.0336459, -0.0443787, 0.135445, 0.0975018, 0.173573, -0.113145, 
-0.0709323, 0.0061543, 0.142957, -0.155689, 0.080575, 0.0339733, 0.195173, -0.111723, 0.0159304, -0.0876734, 0.138702, -0.0087313, 0.0685145, 0.0455027, -0.0310023, -0.0954161, 
0.0163168, -0.121401, 0.0337345, -0.0255435, -0.0168376, -0.0757772, 0.0211555, 0.146237, 0.0706324, 0.167247, 0.139847, -0.0658117, 0.143833, 0.0971363, 0.0107501, 0.00644957, 
0.157635, -0.23664, 0.162203, 0.0372659, 0.0818571, -0.0758086, 0.0186816, 0.220687, -0.0596303, 0.0800309, -0.128925, 0.194322, -0.0416977, 0.110779, 0.0488636, 0.243741, 
-0.0266033, -0.0927685, 0.105916, 0.0828344, -0.189474, -0.0729163, -0.106344, 0.157958, -0.0725701, 0.216448, -0.00536364, 0.0399273, -0.00685544, -0.0773436, 0.0704312, 0.204321, 
-0.0208084, -0.250129, 0.10724, -0.20173, 0.0121142, 0.0815476, 0.203816, -0.181641, -0.0411697, -0.272152, -0.168751, 0.151347, 0.146367, -0.0809557, 0.197351, 0.11376, 
0.117746, 0.185026, 0.029261, 0.159218, 0.3446, 0.104468, -0.113111, 0.0367904, 0.162803, 0.153363, -0.0690552, -0.0849489, 0.300767, -0.0485838, -0.00194734, -0.15495, 
0.17736, -0.156107, 0.187706, -0.271288, 0.179728, -0.11324, -0.16066, -0.184477, 0.0644842, 0.0973782, 0.0602024, 0.146189, 0.221999, 0.0411173, -0.0675046, 0.116341, 
0.124564, -0.0657922, -0.0247171, 0.043012, -0.0693767, 0.221161, 0.111539, -0.193736, -0.0860142, 0.00584204, 0.148654, -0.0238948, 0.0467994, 0.0544532, 0.238414, -0.143488, 
0.0926253, 0.120886, 0.147226, -0.086914, 0.119193, 0.142803, 0.164062, -0.0994577, -0.200849, -0.113049, -0.0623786, -0.0907653, 0.0631082, -0.144249, -0.0729488, -0.0321502, 
-0.16436, 0.100293, 0.333482, 0.181854, -0.0428851, 0.122683, 0.0475188, -0.0292626, 0.222124, -0.032065, 0.0312051, -0.0121575, 0.00806373, 0.0938335, -0.0222727, -0.182385, 
0.0656938, -0.160156, 0.221026, 0.0482156, 0.236967, -0.0128256, -0.127398, -0.0631963, 0.0983718, 0.126623, 0.143046, 0.0776606, 0.0723407, 0.00511519, 0.0105846, 0.210012, 
0.0778945, 0.0139051, 0.178044, 0.105633, 0.0816699, -0.127822, -0.20406, -0.0660367, -0.114047, 0.30211, 0.166378, 0.0030095, 0.112424, -0.00968845, 0.177724, 0.0556591, 
0.0680978, 0.277345, -0.15091, 0.153784, 0.164634, -0.122624, 0.0722347, 0.164224, 0.0474928, 0.0136754, -0.0534283, 0.151479, -0.391683, -0.163941, 0.145233, 0.0458718, 
0.182356, -0.020942, 0.158349, -0.0550098, 0.0927479, 0.0520745, 0.184511, 0.283047, 0.0295943, -0.201311, 0.0735767, 0.0046657, -0.0332205, 0.155193, 0.276383, -0.149463, 
0.00307958, 0.065496, -0.233491, 0.107627, 0.0725633, 0.341767, -0.144663, 0.022759, 0.305466, 0.171621, -0.0530531, -0.0869772, 0.0576576, -0.0939833, 0.269135, -0.0133023, 
-0.0761277, -0.191405, 0.244233, 0.14413, 0.107355, 0.0222986, -0.07755, 0.174531, 0.166241, 0.350434, 0.360409, 0.235327, -0.0243256, 0.00226501, -0.0393985, 0.0324656, 
0.306262, -0.104883, -0.102883, 0.166227, 0.042552, 0.0331181, -0.0222089, -0.11136, 0.00574447, 0.120325, -0.0917668, 0.163208, -0.00648248, 0.128004, 0.28325, -0.102853, 
0.174721, 0.124105, 0.204941, -0.333307, 0.0754015, 0.260188, 0.032525, 0.00154221, 0.239611, 0.26559, 0.0808536, 0.261243, 0.195114, -0.0599718, 0.308977, 0.00720622, 
-0.284604, 0.0744452, 0.0846625, -0.0385768, 0.20263, 0.245081, -0.165909, 0.201414, 0.3208, 0.213666, 0.0517495, 0.0214417, 0.254204, 0.239038, 0.328389, -0.0236727, 
-0.0690859, 0.0824926, 0.12469, 0.0247298, 0.398082, 0.26622, -0.135463, 0.0331071, 0.287941, 0.214641, 0.35958, 0.135816, 0.0560233, 0.185558, 0.0528328, 0.0496287, 
0.0513304, -0.0145103, 0.173528, 0.0696616, -0.0470788, -0.112734, -0.0187053, -0.0870155, 0.0415897, -0.117, 0.152131, -0.054532, -0.123088, 0.145257, -0.0889102, 0.0107518, 
-0.1244, -0.0365599, 0.102994, 0.0145627, -0.00681078, 0.0353092, 0.0929146, -0.157094, -0.0654117, 0.016475, -0.075607, 0.184289, -0.153067, 0.158632, -0.0878811, -0.138323, 
0.129039, -0.0789437, 0.116377, 0.117659, -0.0519217, -0.112307, -0.122867, 0.022695, 0.09519, 0.01978, 0.0428427, 0.170406, -0.262999, 0.204233, 0.103691, -0.00278271, 
-0.0263111, 0.113524, -0.064119, 0.124545, -0.107557, -0.0587658, -0.201111, 0.128508, -0.04208, -0.0640828, -0.148589, 0.0663195, -0.0615777, -0.0961841, -0.0189866, 0.0721748, 
-0.0833773, 0.437198, 0.1378, 0.0880184, 0.0709333, -0.112862, -0.00131727, -0.0832863, -0.0682632, -0.0340112, 0.372499, -0.0973923, -0.237757, -0.105191, 0.0250086, 0.0516484, 
0.29689, 0.00635237, 0.093693, 0.178791, -0.0714995, -0.0284445, 0.15634, 0.0405757, -0.0731924, 0.0262593, 0.120849, 0.00479277, -0.192115, 0.177491, 0.237735, 0.107579, 
0.0463189, 0.154811, -0.0495768, 0.0801104, -0.124497, 0.173831, 0.0439612, -0.0179935, 0.319342, 0.058777, -0.12638, 0.162706, -0.0584456, 0.0445473, 0.0241939, -0.103486, 
-0.0398279, 0.179653, 0.347599, 0.136727, -0.0767543, 0.240456, 0.00185495, 0.254591, 0.147324, -0.0252178, -0.146179, -0.0169268, -0.0336864, 0.0104118, 0.239925, 0.2511, 
0.169832, 0.123809, 0.184109, -0.163548, -0.158641, 0.316653, 0.297357, 0.0921957, -0.0959553, -0.0923194, 0.128924, 0.182182, -0.0652448, 0.188491, 0.127831, 0.148211, 
0.175367, 0.222892, 0.108234, 0.0522391, 0.297941, 0.138689, 0.27344, -0.0154915, 0.147318, -0.011218, -0.18614, 0.0227603, 0.101248, 0.0288735, 0.186023, -0.00411772, 
0.108049, 0.0938239, -0.0582242, -0.0845133, 0.128454, 0.0606596, 0.104298, 0.0731102, 0.197761, 0.118642, -0.117404, 0.0404015, 0.134459, 0.0965134, -0.134879, 0.121313, 
-0.041062, 0.13768, 0.140482, 0.308175, 0.0922, 0.30017, -0.0544522, -0.00144096, 0.232983, 0.223129, -0.0106512, 0.242562, -0.113128, 0.0733399, 0.239955, 0.227126, 
-0.114993, 0.395169, -0.0272244, -0.206905, 0.122205, -0.000755289, 0.176081, -0.207911, -0.125284, 0.0927702, 0.122952, -0.0305835, 0.212026, 0.0582693, -0.148617, 0.216109, 
0.0922482, -0.017776, 0.0950714, 0.0292775, -0.152291, 0.0621803, 0.151965, 0.159765, 0.110745, 0.0168514, 0.129791, 0.0555835, 0.183274, 0.347578, -0.0484669, -0.00227906, 
0.134667, 0.15247, 0.0223549, 0.261869, 0.0619906, -0.253099, 0.0714311, 0.0826049, -0.180297, -0.0674058, -0.109294, -0.002005, -0.043357, -0.071305, -0.180402, 0.243613, 
-0.140484, -0.190221, 0.219805, 0.162156, -0.0943433, 0.20683, 0.0274053, 0.177776, -0.179145, -0.175971, -0.128121, 0.211817, 0.00375401, -0.188794, 0.316816, 0.321108, 
0.0686344, 0.0185129, -0.133924, -0.137195, -0.160237, 0.0717824, -0.0776012, -0.0171736, -0.0371504, 0.0657694, -0.13046, 0.207628, -0.0459211, 0.0822925, 0.209185, 0.119546, 
-0.099157, 0.183369, 0.111624, 0.0525716, 0.0253449, 0.163589, -0.0371816, -0.0471919, -0.02359, -0.10295, 0.124635, 0.0790628, -0.0984283, 0.044506, -0.109613, 0.0672134, 
-0.0178061, 0.00850657, -0.197667, -0.0120708, 0.0465803, 0.105894, -0.13006, -0.0698717, 0.189502, -0.0472504, -0.0704899, -0.0107626, 0.0760277, -0.0253973, 0.037574, -0.109488, 
0.123383, 0.130426, 0.0113653, 0.0505864, 0.209151, -0.0146879, 0.124013, -0.0112521, 0.277182, -0.0834771, 0.103666, -0.0302223, 0.0119035, -0.097491, -0.126769, -0.0857095, 
0.0284532, -0.0720089, 0.0514765, -0.178305, -0.0326248, 0.0206478, -0.0780227, 0.0304168, -0.0772413, 0.0205807, 0.0380241, 0.102719, 0.042764, -0.164994, 0.0439966, -0.11372, 
0.0245134, 0.132608, 0.0564321, -0.138675, 0.0314046, 0.0476784, 0.0758951, -0.143471, 0.0700755, 0.105809, 0.141479, 0.0645593, 0.127473, 0.0250011, 0.158838, 0.00851108, 
-0.00543663, 0.180039, -0.01419, -0.19904, -0.0284757, -0.0520113, -0.205626, -0.172316, -0.00694763, -0.0251256, 0.0629498, -0.201919, 0.04935, -0.0127426, -0.00313873, -0.106878, 
0.0626833, 0.0313125, -0.0509766, -0.0714936, 0.0401375, 0.0604334, -0.166065, 0.0280223, -0.178973, -0.209788, 0.0906552, -0.184341, 0.109934, 0.15899, 0.0142764, -0.100488, 
0.313277, 0.202567, 0.00224223, -0.154844, -0.593616, 0.31778, 0.217888, 0.0490651, -0.0490825, 0.268812, 0.0834596, 0.154505, 0.0123372, -0.00107908, 0.298477, 0.423556, 
0.522416, -0.198923, 0.0920403, -0.099672, 0.182735, 0.294194, 0.199437, 0.223961, 0.0678638, 0.33827, -0.152885, 0.41284, 0.348604, 0.0677974, -0.0191304, 0.0433836, 
-0.353102, 0.362656, 0.415692, -0.0746582, 0.463629, 0.223414, 0.1301, -0.263309, 0.250714, -0.0385479, 0.192644, -0.385451, 0.582131, 0.199773, 0.0170292, -0.17557, 
-0.0824451, 0.0258731, 0.129243, 0.0365592, 0.206213, 0.0293181, 0.0428978, 0.0766999, 0.397185, -0.00597786, 0.130485, 0.0699049, -0.0356875, 0.136093, -0.243809, -0.162471, 
0.0167376, 0.145183, 0.221017, -0.00257124, 0.130599, -0.173745, 0.0341538, -0.196206, 0.0337255, 0.00666055, -0.0826965, -0.0557786, -0.00125817, 0.131876, -0.237764, -0.00551418, 
-0.0323375, -0.0785338, -0.132376, 0.0700178, -0.0637223, -0.146941, -0.132893, -0.0165076, -0.0436901, -0.154799, 0.124243, -0.145902, -0.0803489, 0.0928813, -0.0484812, 0.109155, 
0.144269, -0.0457439, -0.166607, 0.104818, -0.15876, -0.0943394, -0.111532, 0.182019, -0.0874658, -0.0551253, -0.125802, 0.0260732, -0.0356011, 0.0550354, 0.0289724, 0.115254, 
-0.0364142, -0.0132603, -0.00591189, 0.0172598, -0.115987, -0.0546509, 0.0790164, -0.110113, 0.0574677, 0.09315, -0.128097, 0.105584, 0.0695535, -0.0396963, 0.023781, -0.0126719, 
0.116648, -0.295359, 0.0456648, 0.138884, -0.107727, 0.291821, -0.103722, -0.14514, 0.0253709, -0.0198831, -0.170617, 0.20991, -0.00925492, 0.124483, 0.28721, -0.110347, 
-0.0138108, 0.215887, 0.146385, -0.180478, 0.35374, -0.0507716, -0.109063, -0.0378252, -0.0536542, 0.42647, -0.16426, 0.0501072, 0.0497192, -0.248942, -0.0648682, -0.100096, 
-0.197586, -0.202086, 0.0644301, -0.307979, -0.0739957, 0.118959, 0.0481379, -0.164571, -0.0230973, 0.18663, 0.182368, -0.354304, 0.188225, 0.168874, 0.180249, -0.0712371, 
-0.0386915, 0.0749081, -0.08919, -0.0843648, 0.229079, 0.0424436, -0.116006, -0.261451, 0.265457, -0.0636417, 0.0989454, 0.123158, -0.0318792, 0.08208, -0.27424, -0.0907949, 
-0.00461032, -0.297151, 0.0344173, 0.0886023, 0.0472841, 0.271658, 0.0538982, -0.0441583, -0.123906, 0.000614731, -0.0245525, 0.174303, 0.0949902, 0.121085, 0.236716, 0.0243295, 
0.231448, 0.10157, 0.0535232, 0.0803945, 0.256068, 0.0355729, -0.218095, 0.0378558, 0.018517, 0.34, 0.0241896, -0.0208895, 0.177619, -0.189931, -0.0144577, -0.0583465, 
0.0359107, -0.155861, 0.15865, -0.211138, 0.149519, 0.235613, -0.11265, -0.0571273, 0.106785, 0.184152, 0.065606, 0.125971, 0.197223, -0.00750739, 0.0860424, 0.0683482, 
-0.201546, 0.0226115, -0.0614095, 0.150749, 0.0594234, 0.1127, -0.0927715, -0.274577, 0.3398, 0.0589505, 0.129295, -0.0434778, -0.144619, -0.0164796, -0.101005, 0.0144142, 
-0.163887, -0.0647402, -0.0566877, -0.0740151, 0.15584, 0.0172001, 0.178409, -0.00827851, -0.0778821, -0.0879258, 0.379523, -0.123696, 0.11221, -0.0636171, 0.222033, 0.0242218, 
0.361154, -0.190549, 0.168103, -0.0519352, -0.0556227, -0.0889716, 0.244785, 0.0826663, 0.169114, 0.331593, -0.194918, 0.136295, 0.16157, 0.0835331, -0.00210535, 0.0197813, 
0.26567, 0.0540086, 0.135827, 0.142282, 0.326471, 0.140674, -0.124052, 0.170572, 0.113911, 0.187669, -0.155107, -0.0424694, -0.0513888, -0.208748, -0.0560894, 0.224327, 
-0.127928, -0.0329762, 0.212188, 0.23839, 0.0761847, 0.119009, -0.129734, 0.113562, 0.218735, 0.133442, -0.0525999, 0.258531, 0.0144048, -0.162059, 0.282155, -0.0081191, 
0.420264, 0.0130434, 0.233082, -0.0534393, -0.176316, 0.0055329, 0.164474, -0.0466907, -0.0818391, 0.269348, -0.16023, 0.0935216, -0.161862, -0.143541, 0.192885, 0.0149434, 
0.21414, 0.0319992, 0.0234585, -0.165524, 0.37026, 0.0650152, 0.0837469, 0.100829, 0.0783595, -0.0129631, 0.155175, 0.0244821, 0.0592215, 0.0379271, 0.190368, 0.132962, 
-0.0434915, 0.197999, -0.00410923, 0.115168, 0.0414421, 0.467251, 0.0147359, -0.105826, 0.212389, -0.0598747, 0.370524, -0.0576006, 0.186825, 0.537249, 0.30369, 0.165938, 
0.102475, -0.0750105, 0.0990711, 0.209849, 0.28649, -0.114867, -0.091358, 0.0720263, 0.281259, 0.436549, 0.188779, -0.0680597, -0.142997, 0.0734365, -0.055227, -0.155422, 
0.0475032, 0.534085, 0.0694752, 0.126097, -0.182965, -0.247523, 0.03397, 0.0878874, -0.187896, 0.293776, 0.435318, -0.203185, -0.179612, 0.0585577, -0.134535, 0.290115, 
0.223854, -0.409336, 0.00121324, -0.284878, -0.0139485, 0.0449343, 0.352372, 0.288326, 0.148652, 0.0330886, -0.126059, 0.146271, -0.122649, 0.0919278, 0.195118, -0.15477, 
-0.293613, 0.48875, 0.297952, 0.42474, 0.0716741, 0.238197, -0.0943281, 0.215918, 0.214205, 0.0549963, 0.0712723, -0.0461742, 0.0205379, 0.0933715, 0.020204, 0.149824, 
-0.198904, -0.0283532, 0.414617, -0.193253, 0.0921662, -0.180423, 0.0219959, 0.221436, -0.0669657, 0.354703, -0.0544524, -0.323512, -0.121305, 0.13674, -0.141041, 0.0343398, 
0.113467, -0.105367, 0.380075, -0.157312, -0.200312, 0.0258025, 0.233223, -0.0694234, -0.10014, -0.0149163, 0.074811, -0.147442, 0.0622965, -0.0714792, 0.275167, 0.0602489, 
0.228504, 0.025517, 0.486254, 0.00129513, 0.452961, 0.115459, 0.0243585, -0.183368, 0.113601, 0.20282, -0.0327577, 0.032008, 0.260236, -0.0228758, -0.0232123, 0.18906, 
0.069157, 0.076887, 0.120369, -0.0182444, 0.192968, 0.151396, 0.00325965, 0.00870811, 0.191009, -0.0886731, 0.228349, -0.135574, 0.217437, 0.216188, 0.224854, 0.141013, 
-0.0511136, 0.152266, 0.0356607, 0.0707773, 0.256611, -0.149643, -0.0128334, 0.349282, 0.0832885, 0.139752, 0.0491041, -0.254404, 0.086795, -0.180985, 0.237374, 0.191872, 
-0.103507, 0.018706, -0.23327, 0.131538, 0.214168, -0.13442, -0.171597, -0.199388, 0.094176, -0.115355, -0.071122, -0.0344616, -0.102471, 0.0847066, 0.0150831, 0.0395998, 
-0.00771376, 0.108735, -0.00545738, 0.0489958, -0.0145909, -0.193537, 0.113627, 0.103935, -0.000479632, -0.133728, -0.0127635, 0.0421636, -0.0268546, 0.171735, 0.0739735, 0.0176945, 
0.0779136, 0.0160628, -0.100214, 0.163341, 0.0166166, -0.0971436, 0.0267107, 0.0801279, 0.128809, 0.0165981, -0.171505, 0.139053, -0.0292512, -0.158056, -0.131229, 0.0137808, 
-0.0606816, -0.0501811, 0.170163, 0.0792523, -0.0747398, 0.145137, 0.0248449, -0.0140181, 0.13692, 0.122362, -0.00529646, 0.171892, -0.0494276, 0.0508445, 0.0703639, 0.330502, 
-0.0487155, -0.209689, 0.186436, -0.121138, 0.181929, 0.219449, 0.137446, -0.12456, -0.0398976, -0.13815, -0.307573, 0.109173, 0.419107, -0.105651, 0.131316, -0.0726844, 
-0.1013, 0.264031, 0.0300046, -0.0729927, 0.154335, 0.189541, 0.0781076, -0.205824, 0.0173521, 0.178086, -0.0475743, -0.141845, 0.099606, -0.152832, -0.132846, 0.100899, 
0.166876, -0.321837, 0.0961809, -0.176847, 0.0918346, -0.131702, 0.0220587, -0.109613, 0.0934541, 0.0841836, -0.280862, 0.217957, 0.0850539, 0.0160503, -0.025173, 0.0154433, 
0.0819728, -0.00160592, 0.260332, 0.368759, -0.104379, 0.11941, 0.126079, -0.232616, 0.374866, 0.230608, 0.10939, 0.138592, 0.163591, -0.121148, 0.121684, 0.166489, 
-0.22947, 0.190693, -0.0613708, 0.0242341, 0.280159, -0.299166, -0.16002, -0.150733, -0.0660213, -0.0926821, 0.240796, -0.263868, -0.0298562, 0.151564, -0.122669, 0.0240868, 
-0.21186, -0.207831, -0.197135, 0.213155, -0.175111, -0.105278, -0.00948658, -0.0719127, -0.260975, -0.17343, 0.0495105, -0.00487291, -0.217998, 0.178314, -0.132463, -0.110754, 
-0.0583558, -0.141272, -0.111154, 0.263584, -0.173816, -0.0693338, 0.0578401, 0.0754803, -0.118834, 0.117113, -0.107234, 0.237296, -0.288241, 0.0459053, 0.0139625, -0.0908864, 
-0.00230823, -0.014435, 0.12888, 0.240862, -0.168379, 0.0340321, -0.138361, 0.262411, -0.0506497, 0.253551, -0.0340528, 0.156817, 0.0696972, -0.0985868, 0.052212, 0.161068, 
-0.0810125, -0.0314782, -0.0958752, -0.178916, -0.0754744, 0.0402549, 0.0414247, 0.108662, -0.161227, 0.120777, 0.138168, -0.224641, -0.0747611, -0.0876261, 0.0278694, -0.0440266, 
-0.0220758, -0.0291903, -0.145312, -0.0324583, 0.0423043, 0.133121, 0.0346866, 0.130848, -0.096713, -0.00969073, -0.200612, -0.111063, -0.11411, 0.0535054, 0.0974705, -0.00953954, 
-0.0886989, -0.114427, -0.148454, 0.0918971, -0.226229, -0.0276566, -0.0374452, 0.148354, 0.0308663, 0.105047, 0.155986, -0.0852226, -0.132592, 0.0295103, 0.0942272, -0.047562, 
0.0455908, 0.0284987, -0.0684368, -0.184094, 0.0010858, -0.156294, -0.186686, 0.119206, -0.190336, -0.175185, 0.0137398, 0.148506, 0.107013, 0.0846866, -0.196794, 0.0243796, 
0.244146, -0.163151, -0.319428, 0.00732567, -0.0757157, 0.23228, -0.265156, -0.178717, 0.0808644, 0.0492488, 0.0133128, 0.236806, -0.0667426, -0.197818, 0.0670844, -0.042345, 
0.148882, 0.197948, -0.0558967, -0.0921267, 0.0594026, 0.262712, 0.0283331, 0.177365, -0.102708, 0.0100854, -0.187115, 0.0592177, 0.0308087, -0.050135, 0.240582, 0.0831644, 
0.0265959, -0.067542, -0.2906, 0.0223031, 0.00235799, 0.102471, 0.06318, 0.129333, 0.210052, 0.297204, 0.000265892, -0.0101427, 0.143514, -0.0549425, 0.169693, -0.337703, 
-0.143213, 0.00190486, -0.00853767, -0.167914, 0.288019, 0.2309, 0.086108, 0.0291859, 0.291624, 0.285557, 0.275473, 0.16003, 0.119305, 0.196426, -0.0592451, 0.1817, 
-0.146952, -0.142288, -0.00926415, -0.0446091, 0.123658, -0.0045887, 0.0413104, 0.152505, 0.092948, -0.16204, 0.142957, -0.0891486, -0.0245273, -0.0604457, -0.0321874, -0.0939007, 
-0.270584, -0.0863492, 0.10496, -0.0178887, 0.0622723, -0.240252, 0.0750705, 0.125529, 0.11033, -0.110938, -0.12245, -0.171014, -0.0753808, -0.063504, -0.0834859, -0.0429734, 
0.203339, -0.113799, -0.0968385, 0.00275253, 0.0944387, -0.0246029, -0.197141, 0.247724, -0.246093, 0.105281, -0.00716393, 0.226738, -0.14188, -0.0109239, -0.00358656, 0.100036, 
-0.112807, 0.160757, 0.0144973, 0.237116, -0.212222, -0.108293, -0.119737, -0.0466426, 0.0365868, 0.192699, -0.0507029, 0.233389, 0.0194782, -0.111014, 0.119865, 0.00744098, 
0.430931, -0.279624, -0.0991243, 0.116686, -0.139818, 0.39703, -0.107672, -0.038849, -0.00221153, 0.022417, -0.121975, 0.267231, 0.0368665, 0.0297227, 0.286791, 0.0719163, 
0.357184, 0.123384, 0.156629, -0.374503, 0.441839, 0.19498, -0.252532, 0.01267, 0.190404, 0.362085, -0.0110521, 0.332247, 0.383777, -0.415074, -0.0658529, -0.0740806, 
-0.24547, 0.0300219, 0.186688, -0.462206, 0.301, 0.165864, -0.212557, -0.0787668, -0.040744, 0.101703, -0.0529973, -0.385175, 0.416387, 0.254028, 0.166956, -0.0596807, 
0.034066, -0.0727061, -0.0873809, -0.110623, 0.474384, 0.13189, -0.0470045, -0.070827, 0.146012, -0.0749005, 0.202366, -0.310536, 0.0769936, 0.111632, -0.39107, -0.32528, 
0.126175, 0.0777734, 0.119037, -0.0418744, 0.0228091, 0.191049, 0.0210444, -0.105706, -0.104352, 0.00658069, 0.0086411, 0.223435, -0.112807, 0.0322974, 0.356302, -0.216528, 
0.0146647, 0.152129, -0.0404153, -0.00891228, 0.0291967, -0.0959916, 0.103259, 0.0221088, -0.0565449, 0.215575, -0.188864, -0.0988422, -0.0951931, -0.210677, 0.101688, -0.121772, 
0.091218, -0.163104, 0.0581715, 0.0936384, 0.00693355, 0.190699, 0.0729734, -0.063688, 0.0639417, 0.00695357, 0.0640151, 0.371062, 0.0627666, 0.146447, 0.0913646, 0.107304, 
0.144674, -0.152057, 0.107902, 0.154399, 0.113184, -0.10337, 0.0403626, -0.0283844, 0.191866, 0.174557, 0.036529, 0.336039, 0.00172213, -0.14666, 0.0694955, -0.140646, 
-0.0883627, -0.401862, 0.621785, 0.161002, -0.311815, 0.563311, 0.571529, -0.209901, 0.0875549, -0.0247871, 0.34793, -0.344561, 0.666168, -0.135885, -0.0578431, 0.45998, 
0.131631, -0.124277, 0.702285, -0.00525392, 0.418899, -0.284636, 0.461539, -0.114517, 0.568129, 0.452928, -0.05067, 0.191517, 0.541395, -0.358023, -0.729812, -0.0840563, 
0.408728, 0.097728, 0.562549, -0.180125, 0.672221, -0.0587823, -0.0810254, -0.179709, -0.599592, -0.614053, -0.00398741, -0.195872, 0.443628, 0.531344, -0.589021, 0.597305, 
0.0153829, 0.158056, -0.0602321, 0.396574, 0.0348318, -0.19979, 0.11877, 0.240936, -0.449594, -0.419599, -0.364712, 0.126526, -0.0386285, -0.549736, -0.00427189, -0.224227, 
-0.0443262, 0.192627, 0.0955993, -0.0335085, 0.0855138, -0.386934, -0.0576934, -0.120406, -0.0144966, 0.23394, 0.322553, -0.154904, 0.157869, 0.0498934, -0.227523, 0.20936, 
0.15112, -0.33995, -0.0141266, 0.00611254, 0.0841624, -0.039628, 0.262422, 0.403453, -0.21866, -0.385987, -0.0462353, 0.0797739, -0.214336, 0.465763, 0.189676, 0.0554991, 
0.0501729, 0.101988, -0.26871, 0.00359835, -0.224389, -0.0472213, -0.0828223, -0.0306275, 0.246662, 0.287297, 0.00257242, 0.159654, -0.158545, 0.0976951, 0.0848808, -0.00690951, 
-0.0388768, -0.172998, 0.2588, -0.0491986, 0.0629098, 0.256341, -0.014761, 0.0797472, -0.0785513, 0.421678, 0.278494, -0.0251586, -0.166516, 0.081297, 0.160222, 0.331485, 
-0.0223103, 0.150447, -0.118932, -0.0300355, 0.186408, -0.162303, -0.120344, -0.113047, -0.163256, -0.0614984, 0.0327744, -7.61488e-05, -0.0303357, 0.109037, -0.213403, 0.0505096, 
0.0438441, -0.21635, -0.301638, -0.125933, -0.163276, -0.104922, 0.107177, 0.250889, -0.146409, -0.23849, 0.0549923, -0.130558, -0.103331, 0.282471, 0.174836, -0.164189, 
-0.220072, -0.0859758, -0.256983, 0.192178, -0.238005, 0.137531, -0.0900223, 0.155061, 0.0681987, 0.0371131, 0.166731, -0.0194785, -0.102434, -0.00721272, 0.231441, -0.166987, 
-0.149636, 0.0585292, 0.327231, -0.182086, 0.0222657, -0.0455344, -0.108647, 0.147073, 0.0578016, 0.51233, -0.0612192, -0.0167816, -0.0234913, -0.0211465, -0.0574825, 0.416085, 
0.200122, 0.283888, -0.0397485, -0.167948, -0.524692, 0.163064, 0.165385, 0.0278501, 0.0672582, 0.339762, 0.347553, 0.0160695, 0.363515, 0.0419374, 0.348609, 0.56146, 
0.722013, -0.175663, 0.540605, -0.301843, 0.130686, 0.256127, 0.539495, 0.183408, 0.447101, 0.549923, 0.0856392, 0.133788, 0.470834, 0.0385695, 0.181709, -0.0490436, 
0.205094, 0.222884, 0.518756, 0.158833, 0.485133, 0.444811, -0.0723398, -0.00367209, 0.396869, 0.0188136, 0.00450706, -0.0448175, 0.192793, 0.108341, 0.150603, 0.166826, 
0.0632133, -0.0491224, 0.289617, 0.347744, 0.0622684, 0.223654, -0.153199, 0.389288, 0.200893, 0.364439, -0.0625957, 0.0384197, -0.0507844, -0.0761916, 0.139791, -0.0340592, 
0.177861, -0.146024, -0.278218, 0.113117, -0.0292323, 0.105531, -0.115192, -0.188715, 0.144175, 0.0465787, -0.118843, 0.215573, 0.0130368, -0.0243839, 0.150104, -0.0975117, 
0.0987427, 0.340525, -0.0476648, -0.186974, -0.00257174, 0.109042, -0.113058, 0.099826, -0.187723, 0.0140224, 0.138527, 0.00330872, 0.0895975, -0.111127, 0.249803, 0.0735617, 
-0.119808, -0.0496568, 0.0407917, -0.235023, -0.11273, 0.209439, 0.0402593, -0.283813, 0.274805, 0.297132, -0.133549, -0.117512, 0.377205, -0.137276, 0.0483896, -0.0851675, 
-0.148897, 0.10504, -0.235698, 0.0536906, 0.211468, 0.121058, -0.0939751, -0.147698, 0.205071, 0.238618, 0.295177, 0.166323, 0.136584, 0.113209, -0.134921, -0.15415, 
-0.229393, 0.210627, 0.0917623, -0.148822, 0.146603, 0.0272582, -0.199891, -0.0133321, -0.0418971, -0.148627, 0.230582, 0.00668294, -0.0616338, 0.0910456, -0.122159, -0.0128129, 
-0.0159378, -0.043931, -0.145517, 0.224087, -0.208354, -0.176834, 0.234951, 0.392823, -0.360142, -0.301105, -0.0475712, 0.145048, -0.162338, 0.306415, -0.25265, -0.099626, 
0.325445, -0.143941, -0.178532, 0.204868, -0.278161, 0.0972004, -0.0942001, 0.230961, -0.0431921, -0.0919874, -0.168426, 0.429955, -0.189539, -0.246367, 0.0240168, 0.163728, 
-0.0500014, 0.103603, 0.181193, 0.182354, -0.186652, -0.0334163, -0.0294881, 0.132936, 0.158249, 0.157572, -0.0762026, 0.0437257, -0.140635, -0.210381, 0.374353, 0.492302, 
-0.0773624, 0.236368, 0.0260195, -0.030808, -0.0374827, -0.0542403, 0.0291484, -0.00235194, 0.0728885, -0.050441, 0.0975664, -0.125765, -0.0988425, 0.00444611, -0.183931, -0.0126662, 
-0.0695629, -0.132697, 0.112825, 0.112775, -0.226252, -0.182272, 0.0361976, 0.0881729, 0.0714159, -0.130964, -0.119449, 0.176389, -0.141879, 0.15547, -0.0564415, 0.162357, 
0.128424, -0.023074, -0.077103, -0.0485885, -0.0429425, 0.066826, 0.0944718, -0.149171, 0.0786652, 0.0447914, -0.183424, 0.027261, -0.103712, -0.116235, -0.0608477, 0.107275, 
0.0379372, -0.0926112, -0.0485331, 0.0268458, -0.0971599, 0.0227232, -0.0187145, 0.140334, -0.0224227, 0.0105738, -0.151574, -0.0632177, 0.118074, -0.0518442, -0.00282694, 0.256933, 
0.0107525, 0.0349954, -0.109073, 0.129543, -0.301269, 0.0967935, -0.12282, 0.109825, -0.0048663, 0.203637, -0.122635, 0.128074, -0.208521, 0.0406873, 0.15732, 0.0246796, 
0.223418, -0.0242422, -0.0173246, -0.0759094, 0.00913111, 0.157212, 0.0913828, 0.0327919, -0.0751654, 0.168106, -0.164826, -0.0546711, 0.0602104, -0.00425292, 0.00380447, -0.0354632, 
-0.108423, 0.172213, 0.115257, 0.0103892, -0.00713493, 0.124586, -0.0613861, -0.0570862, 0.0738558, -0.147212, 0.306541, -0.152684, 0.0112954, 0.262035, -0.0588383, -0.160037, 
-0.185292, -0.133876, 0.0885731, -0.0891217, 0.1262, -0.110552, -0.0327035, -0.0795277, 0.144305, -0.0977466, -0.119031, -0.244903, -0.0690246, -0.0332174, -0.0232416, -0.194927, 
0.0921545, -0.333843, -0.223654, 0.134901, 0.152995, 0.0228069, -0.234452, 0.0805106, 0.0722128, -0.0694383, -0.0877991, 0.0554169, -0.00437483, -0.0217378, -0.0208568, -0.0714291, 
-0.0619866, 0.248488, -0.149856, -0.0299899, 0.234314, 0.137451, -0.192517, -0.128391, -0.268066, 0.0794924, -0.10406, 0.0973977, -0.0711946, -0.211813, -0.0701114, 0.0273808, 
-0.233676, -0.108769, -0.159, -0.270059, -0.0609043, -0.037198, 0.144619, 0.0398238, 0.05907, 0.0104299, 0.0383129, 0.020437, 0.0793824, -0.210757, 0.16868, -0.209808, 
-0.129055, 0.0250727, -0.0832378, -0.140386, 0.111247, 0.141096, 0.108894, -0.325908, 0.0467011, -0.0499412, 0.114906, -0.106287, 0.0950597, 0.189245, -0.241218, -0.262912, 
0.0771859, 0.197705, 0.00803337, 0.131436, -0.0366948, 0.0264316, 0.167297, 0.0409715, -0.137829, -0.0329242, 0.0382478, 0.0435233, -0.00882486, -0.204503, -0.0663522, 0.194754, 
0.0851786, -0.0507202, -0.0357307, -0.0613403, -0.0132271, -0.0311841, 0.0975971, 0.184109, 0.000271252, 0.0451833, 0.0198918, 0.196145, -0.00668711, 0.241222, -0.0112109, 0.109867, 
0.132561, 0.0823296, 0.200975, 0.0366658, 0.171395, 0.154057, 0.00268098, -0.109138, -0.100083, 0.0228459, -0.160493, -0.135176, 0.10095, -0.037486, 0.0689265, 0.083244, 
0.045204, 0.00931267, -0.0701903, -0.113574, 0.183746, 0.0946078, -0.136229, 0.0414474, -0.0884455, -0.213668, 0.0168528, -0.0103713, 0.128119, 0.126738, 0.0923667, 0.0185926, 
0.0707666, 0.109339, -0.151768, 0.158014, -0.178833, 0.0882164, 0.0345544, -0.0938914, -0.127795, 0.129363, -0.145152, 0.296908, 0.0796487, -0.0596085, 0.162231, -0.0418677, 
0.156936, 0.105623, -0.114855, -0.167008, 0.0273846, 0.0285365, -0.138219, 0.0361072, 0.0765793, 0.302693, 0.031172, 0.0530186, 0.135893, -0.0668045, 0.319099, -0.0965821, 
-0.122569, -0.0342025, 0.183346, 0.00231672, 0.0823416, 0.217281, 0.012118, 0.00512114, 0.368352, 0.129623, 0.0765905, 0.0377713, 0.267157, 0.0424841, 0.0193434, -0.0912339, 
-0.0107851, -0.00515479, -0.0149034, -0.0798978, 0.238202, 0.181108, 0.000322681, -0.0114892, 0.24289, 0.301926, 0.155391, 0.0682566, 0.133504, 0.247362, 0.0813749, 0.056733, 
0.149981, -0.269033, 0.168577, -0.142891, 0.148179, -0.03064, 0.104225, -0.167675, -0.0616986, -0.187602, 0.0894944, 0.237772, -0.0636909, -0.0178567, 0.0432581, -0.17682, 
0.186073, 0.0875626, 0.00997043, 0.0746144, -0.110718, -0.200937, -0.148015, -0.0687091, 0.12388, 0.297258, 0.029224, 0.306655, 0.0340607, -0.283128, -0.102968, -0.0415861, 
-0.179169, -0.153539, -0.0517174, -0.145626, 0.199022, 0.0534779, -0.06318, 0.124851, 0.0259757, -0.115841, 0.0240492, -0.0582277, 0.0288919, 0.0622283, 0.0632627, 0.0603907, 
-0.194969, 0.0742504, 0.0231967, 0.0996615, -0.0228225, 0.0498837, -0.14409, 0.0542956, 0.102438, -0.100632, 0.0265563, 0.0380025, -0.109504, 0.060699, 0.197607, -0.0442745, 
0.135927, -0.133063, -0.201816, -0.098592, 0.0294506, -0.0934823, -0.0448766, -0.183876, -0.0441132, 0.0799818, -0.00702986, 0.205767, -0.15884, 0.164708, 0.166845, -0.16033, 
0.249672, 0.144058, 0.350667, 0.0263121, 0.0130685, -0.0616106, -0.0502912, 0.269515, 0.0619455, 0.135435, -0.112105, 0.376235, 0.00666287, -0.0764725, 0.325555, -0.0982473, 
-0.0731673, -0.123792, 0.0531605, 0.102278, 0.106662, 0.212794, 0.0494006, 0.260121, 0.568841, 0.432977, -0.208268, -0.0861722, 0.363402, -0.276035, 0.265951, -0.105225, 
-0.0615696, 0.0338329, 0.132631, 0.00995342, 0.151047, 0.415117, -0.157194, 0.0140487, 0.371883, 0.281646, 0.0884624, 0.173227, -0.169528, 0.171272, 0.184822, 0.0690802, 
0.203839, 0.215992, 0.146851, 0.0301835, -0.0516132, -0.039215, 0.174104, -0.122594, -0.0474211, 0.196337, 0.145462, -0.155565, 0.0808812, -0.10185, -0.0411552, 0.321637, 
0.0863539, -0.26995, 0.22935, -0.138946, 0.225505, 0.19547, 0.338368, 0.161111, 0.0674651, -0.105051, -0.0180127, 0.104716, -0.149748, 0.182361, -0.190396, -0.0689313, 
0.103117, 0.172628, 0.114588, 0.0955486, 0.0272134, 0.115432, -0.185562, -0.0698207, 0.0289747, -0.0291623, 0.264999, -0.15166, 0.083241, 0.259103, 0.115711, 0.05612, 
-0.128217, 0.185214, 0.11107, 0.0654777, 0.19446, -0.205533, -0.1452, 0.177103, -0.098285, -0.116014, 0.172616, -0.194454, -0.125186, -0.0627857, -0.0280066, -0.106559, 
0.0347926, 0.26773, -0.0457401, -0.0598381, -0.124136, -0.259107, -0.24965, 0.157057, 0.0930665, 0.258891, 0.285749, -0.146979, -0.286937, -0.0976369, -0.186909, -0.0252898, 
0.151585, -0.123855, -0.192607, 0.0704615, -0.08549, -0.0198536, 0.268642, 0.234308, -0.0625154, -0.15744, 0.00948908, -0.0758282, -0.300576, 0.184382, 0.150433, -0.0257383, 
-0.207869, 0.159906, -0.226838, 0.376972, -0.0966568, 0.0739839, 0.148218, 0.149206, 0.0726774, 0.0331912, 0.117615, -0.0380393, -0.107265, 0.0222971, 0.176426, -0.141939, 
-0.216836, -0.0807717, 0.206055, -0.099622, -0.0210965, -0.0353005, -0.0902787, 0.16733, -0.0671066, 0.320503, -0.161682, -0.168366, -0.131915, 0.0808748, -0.0977583, 0.298308, 
0.182215, 0.0984342, -0.150909, -0.116455, -0.0189274, 0.120066, 0.288346, -0.0760011, 0.0787558, 0.0946979, 0.0803674, 0.222165, -0.0410412, 0.0547974, 0.187268, -0.0584789, 
0.281753, 0.0394198, 0.230275, -0.138648, 0.00258842, -0.0457299, 0.21265, 0.265702, 0.196663, 0.318814, 0.078195, 0.156471, 0.201196, 0.0503231, -0.0186206, 0.0197539, 
0.355578, 0.0624144, 0.386362, 0.422928, 0.408031, 0.0973923, -0.0834677, 0.316575, 0.305919, 0.165925, 0.051163, 0.189192, 0.0540803, 0.234628, 0.19872, 0.222126, 
0.0347173, 0.138858, 0.308198, 0.366418, 0.0980069, 0.00222493, 0.0263032, 0.339458, 0.528026, 0.741628, -0.0314338, 0.0249723, 0.105078, 0.291588, 0.255213, 0.16955, 
-0.0764106, -0.0535428, -0.232597, -0.19599, -0.0199953, 0.0582405, 0.062312, -0.102284, 0.141534, -0.066657, 0.0514422, 0.175789, -0.212249, -0.092758, 0.223145, -0.00867642, 
-0.0418574, -0.00423848, -0.0689836, -0.0474093, 0.000649795, -0.092481, -0.119655, 0.0218301, 0.0449869, 0.0902079, -0.148716, 0.14514, -0.0212594, -0.0288215, 0.189032, -0.0919139, 
0.07822, -0.286067, -0.0957172, 0.0594362, 0.0435997, 0.113261, -0.0540509, -0.135434, 0.144454, 0.122642, 0.0194031, 0.0368074, 0.067263, -0.117699, 0.055747, -0.0680335, 
0.0806112, -0.104708, -0.0642085, 0.028193, -0.0814497, 0.169798, -0.202588, 0.125726, 0.111891, 0.134955, 0.0170969, 0.0455459, 0.112679, 0.104186, 0.0457542, 0.0218899, 
0.152234, 0.043764, -0.190999, -0.0419365, -0.315964, 0.17638, 0.103375, -0.0220683, 0.0840807, 0.145187, 0.00636375, 0.20126, 0.245959, -0.141605, 0.21477, 0.190781, 
0.261598, -0.0498588, 0.256643, -0.0434148, -0.131645, 0.0416513, 0.162855, 0.174866, 0.156511, 0.208994, 0.0737802, 0.227397, 0.114003, -0.124836, 0.190794, 0.0451397, 
-0.178742, 0.136673, 0.128644, 0.129445, 0.159723, 0.194174, -0.185808, 0.0619933, 0.0821239, 0.118324, 0.0500792, -0.113999, 0.247204, 0.0557048, 0.0889541, -0.07654, 
-0.095119, 0.0430804, 0.233143, -0.036904, 0.0856972, -0.0372988, -0.178383, 0.162914, 0.355433, 0.235209, 0.158704, -0.0488689, 0.0258092, 0.169529, -0.129817, -0.0231136, 
-0.0285353, -0.0923457, 0.120899, -0.166857, 0.111635, 0.21258, 0.074294, 0.0348763, 0.0431355, -0.101242, -0.138913, 0.233828, 0.12411, -0.0890736, 0.00615423, -0.176886, 
-0.0868866, 0.14564, 0.200474, 0.0316667, 0.0115794, -0.0711097, -0.208433, -0.264973, 0.190534, 0.0266022, -0.173874, 0.155966, -0.0205138, -0.330822, -0.209983, -0.16078, 
0.000321514, -0.105084, 0.166011, -0.122999, 0.0160257, 0.0107986, -0.195752, -0.115883, -0.0448839, -0.108192, 0.0937281, 0.0554312, 0.101361, 0.00384069, 0.0181291, 0.210636, 
-0.012398, 0.0159187, -0.137735, -0.0574785, 0.0228579, 0.162949, 0.0765922, -0.148759, 0.169826, 0.174676, -0.0792002, 0.0363159, 0.0298634, -0.0580795, 0.103898, -0.161163, 
0.0682626, -0.0186526, -0.00152093, -0.068946, -0.0189516, 0.230153, 0.0410341, -0.133396, -0.073944, -0.29803, -0.000820457, 0.183391, 0.0775442, -0.0212584, 0.170282, 0.00509699, 
-0.145029, 0.0282571, -0.117691, -0.0012458, 0.106761, 0.151074, 0.0581169, -0.0622112, -0.122833, -0.0146171, -0.115487, -0.140278, 0.0934479, -0.175187, -0.0117565, 0.0124463, 
0.250439, -0.297024, -0.000862171, 0.0049982, -0.00817979, 0.0889982, -0.0415057, -0.113385, -0.19223, -0.0249798, -0.170587, 0.0368524, 0.0847696, 0.0265384, -0.197166, 0.227847, 
0.0604459, -0.186775, -0.203913, 0.294215, -0.264986, -0.117697, -0.0788739, -0.250204, -0.0277582, -0.00818383, -0.0394082, 0.0859304, 0.0790031, -0.299185, -0.0461457, 0.0850531, 
0.116541, 0.0181386, 0.125955, -0.140515, 0.105521, -0.109129, 0.16301, 0.00899482, 0.0113341, 0.0690851, -0.0554074, -0.131496, -0.0755923, 0.0578725, -0.144024, -0.144825, 
-0.0035399, 0.0190913, 0.00269653, 0.216569, 0.0532819, -0.101252, -0.0527023, -0.290659, -0.106496, 0.0158569, -0.107765, -0.195898, 0.104162, -0.0707358, -0.0656816, 0.0437401, 
-0.091388, 0.0365651, -0.144774, -0.047435, -0.0652543, -0.0606312, 0.0141172, -0.0515946, 0.114533, -0.152142, 0.0853126, 0.133911, -0.228401, 0.0646225, -0.110453, 0.0183027, 
-0.0932908, -0.0399277, -0.190343, 0.0885427, -0.0394901, 0.0340941, -0.154326, -0.141146, -0.16265, -0.145105, -0.0712799, -0.162452, -0.0248756, 0.0147534, 0.0866891, -0.10327, 
0.0234661, -0.320812, -0.288966, 0.0456393, 0.182032, 0.241125, -0.252977, -0.133719, -0.1965, -0.168949, -0.411789, 0.39103, -0.132664, 0.0386101, 0.410293, -0.377699, 
0.187699, 0.31567, -0.171169, -0.120417, 0.12166, 0.0288882, -0.480786, -0.174231, -0.272792, 0.0889536, 0.119612, 0.110282, 0.0525307, -0.145861, 0.376423, -0.101551, 
-0.204399, -0.226645, -0.168096, -0.152763, -0.142585, 0.313881, 0.00444671, -0.109044, 0.353516, 0.298234, -0.033461, -0.0531241, 0.325108, -0.143144, 0.228307, -0.299396, 
-0.089777, -0.0255828, -0.260081, -0.407682, 0.302704, 0.277709, -0.179161, -0.421052, 0.23549, 0.0300962, 0.205055, 0.0263721, 0.0780236, 0.402554, 0.129147, -0.00596575, 
-0.00647772, 0.218233, 0.249721, -0.19179, 0.0862136, -0.0669506, -0.142037, 0.154492, 0.124971, -0.0622443, -0.0173992, -0.206129, 0.0385162, 0.0829385, -0.258864, -0.161712, 
-0.0097894, -0.31483, -0.196498, -0.231531, 0.00373526, -0.0859777, 0.077949, -0.164102, -0.066003, -0.0529542, -0.0488791, -0.138082, -0.171221, 0.056525, -0.168391, 0.0264059, 
-0.135129, 0.209669, -0.0886567, 0.163027, -0.0276903, 0.0701509, 0.0681889, 0.0252269, -0.110283, -0.100816, -0.114337, -0.0390294, -0.178242, 0.196846, -0.0135393, 0.175998, 
-0.217791, -0.197844, 0.0462852, -0.0983175, 0.0708014, -0.221995, 0.149431, 0.223544, -0.152916, 0.232679, -0.301741, -0.00127654, -0.00477204, -0.168864, -0.0647693, 0.156946, 
0.160623, -0.0628401, -0.0290083, -0.10823, -0.0174921, 0.259216, 0.0731488, 0.154171, 0.106499, 0.379158, 0.117634, 0.150611, 0.149574, -0.00380618, 0.131826, 0.159116, 
0.203803, 0.18586, 0.07855, -0.140932, 0.29912, 0.112628, -0.0597395, -0.137365, 0.102124, 0.0869232, 0.00393805, 0.0938082, 0.213285, 0.164534, 0.120121, -0.0267272, 
0.208468, 0.286399, 0.141307, 0.04392, 0.332905, 0.321832, -0.0426527, 0.00540487, -0.0630377, 0.113037, 0.0957226, -0.153919, 0.221137, 0.123093, -0.0792677, -0.066315, 
0.00488498, -0.163984, -0.0311512, -0.162176, 0.157976, 0.191931, 0.0625264, -0.120394, 0.0349635, -0.0934258, -0.0261185, -0.24624, -0.0750036, -0.036684, -0.102614, 0.0803286, 
-0.240833, -0.0242291, -0.0351871, 0.064353, -0.00482819, -0.175492, -0.144923, -0.0535939, 0.041611, -0.174387, 0.0424434, -0.0630339, 0.105226, -0.182173, -0.1403, -0.103068, 
-0.150195, -0.00581188, -0.269299, 0.240568, -0.134407, -0.00586292, -0.08884, 0.0314273, -0.289063, -0.315757, 0.104387, -0.0589957, -0.267474, 0.0745276, -0.0584072, 0.0568381, 
-0.037201, -0.0765964, -0.203245, 0.271162, -0.0765414, 0.000640856, -0.0106375, 0.173403, -0.130446, -0.0433432, 0.0873747, 0.0234414, -0.0615099, -0.114587, 0.0880787, -0.0486291, 
0.00950389, 0.121095, -0.0766726, 0.170202, -0.0755746, 0.090057, -0.0857034, -0.0645913, 0.0813103, 0.00496653, -0.03991, 0.0841475, 0.143439, -0.0584289, 0.198475, 0.0818275, 
0.132594, 0.19967, -0.115885, -0.00985414, 0.0163671, -0.166723, -0.0342935, -0.144683, -0.215816, 0.240602, 0.00826247, -0.0662767, -0.301085, -0.0692279, 0.0925235, 0.0777927, 
0.0636097, 0.0563508, -0.0407901, 0.197998, 0.0113907, -0.0484905, 0.163974, 0.394516, -0.189761, -0.0732343, -0.0329939, 0.234622, -0.00176512, 0.254781, 0.20659, -0.0549048, 
0.109187, -0.0545712, 0.0800478, 0.135932, -0.0294513, 0.0668676, 0.12032, 0.289841, -0.0235261, 0.156943, 0.20647, 0.140658, -0.163773, 0.0421235, 0.0238881, -0.117377, 
-0.0755631, 0.0849318, 0.247311, -0.0756078, -0.107722, 0.0711255, 0.150281, 0.221171, -0.0805257, 0.275399, 0.0757351, 0.183976, -0.00721136, 0.0240033, -0.00217253, 0.213051, 
-0.126925, 0.0705784, 0.0442123, -0.187824, -0.0192991, -0.0149877, 0.225858, -0.176797, -0.0280171, -0.0747876, 0.175973, -0.220325, 0.0344537, 0.0738539, -0.123783, 0.00420557, 
-0.14066, -0.150347, -0.0696857, -0.0281442, -0.0487199, -0.0598415, 0.190383, 0.108164, 0.198399, 0.0781249, -0.0614762, 0.0951707, 0.0761092, -0.0762722, -0.0621127, 0.0869976, 
0.198244, -0.154834, 0.184621, 0.11417, -0.0547545, -0.24331, 0.0592478, -0.156999, -0.0216307, -0.0042299, -0.0490333, 0.0400316, -0.209214, -0.127412, 0.00884781, 0.159271, 
-0.149548, -0.196437, -0.174963, 0.114068, -0.062131, -0.154051, -0.168292, 0.0698637, -0.168033, -0.237902, -0.0523996, -0.184269, -0.125323, 0.0020275, -0.0667972, -0.118152, 
0.0204865, 0.15019, -0.126674, -0.0410118, 0.299043, 0.021549, -0.228279, -0.0522509, -0.0831444, -0.187212, 0.171698, 0.251461, -0.387792, 0.083038, 0.279692, -0.122817, 
0.0456782, -0.0494028, -0.155415, -0.123892, -0.297031, -0.0868479, -0.143896, 0.123179, -0.117471, 0.050493, -0.178272, 0.0841865, 0.100386, 0.0877043, 0.534854, 0.0836752, 
-0.224202, -0.063957, -0.170153, 0.291795, -0.225909, 0.181991, -0.0348691, 0.299848, 0.439093, 0.462458, -0.256154, 0.235131, 0.19279, -0.187661, 0.160275, 0.0535617, 
-0.0319247, -0.101471, 0.0284887, 0.143481, -0.0217649, 0.459473, 0.0617196, 0.170387, 0.3497, 0.353411, 0.0400853, -0.274775, 0.0600023, 0.223667, -0.259211, 0.25509, 
-0.0430964, 0.0468389, -0.00563048, -0.16257, -0.207516, -0.109669, 0.217145, -0.0194042, -0.157762, 0.205116, 0.401369, -0.303469, 0.255658, -0.0330955, -0.102134, 0.31566, 
0.0853835, -0.135779, 0.258122, -0.105209, 0.0853023, -0.00993316, 0.271794, 0.0431167, 0.156275, 0.0791795, -0.116221, -0.0781793, 0.122279, 0.282076, -0.276431, -0.101908, 
0.409921, 0.135852, 0.221633, 0.182017, 0.235946, -0.0930085, -0.0712805, 0.120318, -0.355666, -0.390707, -0.0155219, -0.0862735, -0.0647267, -0.0918473, -0.327967, 0.0544208, 
-0.165601, 0.0353918, 0.185631, -0.123663, 0.0890156, -0.155782, 0.127482, 0.25089, -0.391673, -0.201666, -0.135994, -0.167973, -0.2029, -0.0722408, 0.0667692, 0.100536, 
0.00210008, 0.0511453, -0.200619, 0.155297, 0.151004, -0.0583559, 0.12715, 0.136594, -0.0332166, -0.164443, -0.0956067, 0.113918, -0.056438, 0.108645, 0.131428, -0.170164, 
-0.0818025, 0.0913521, 0.0333774, 0.143643, -0.198346, 0.120329, -0.0578988, -0.013438, -0.0197173, 0.0537512, -0.133237, -0.158311, 0.0936848, 0.126721, 0.197663, -0.076083, 
0.0381268, -0.166916, -0.0754989, 0.12371, 0.00276484, 0.132902, -0.0851258, 0.0053533, 0.158207, 0.214444, -0.0951742, 0.283265, 0.186874, -0.165737, 0.151, 0.0681024, 
-0.179656, 0.0591272, -0.130294, -0.0560349, 0.250965, 0.116646, 0.000830242, -0.153097, 0.0496919, -0.0382876, 0.229776, 0.097865, -0.130677, 0.200106, 0.322986, 0.255698, 
0.332813, -0.504237, 0.185609, -0.0530823, 0.334006, 0.0886096, 0.00930155, -0.107553, 0.106291, 0.0930664, -0.470137, 0.197234, -0.0918616, -0.145824, 0.0213677, -0.404893, 
-0.121187, 0.177273, -0.144945, 0.0457115, 0.428732, -0.129543, -0.571103, -0.201979, -0.0932171, 0.0637082, -0.207476, -0.175056, 0.0252649, -0.346483, -0.152489, -0.0795839, 
0.134241, -0.15468, -0.0159028, -0.476944, -0.151706, 0.0441607, 0.0340271, 0.0922239, -0.0571998, 0.115048, 0.0908276, -0.0216326, -0.00578028, 0.00333822, 0.210248, 0.10549, 
-0.0210502, -0.119887, -0.537514, -0.202452, 0.232626, 0.0324006, -0.103295, -0.480302, -0.038404, -0.0892935, 0.279678, -0.265361, -0.0466677, 0.264583, 0.333335, -0.262719, 
-0.0496421, 0.15475, -0.0612634, -0.0343699, 0.0331556, -0.0685437, 0.0218645, 0.0652465, -0.135833, -0.0306682, -0.106302, -0.128425, 0.128782, -0.175436, -0.121387, 0.100047, 
-0.01866, -0.11432, 0.0243828, 0.104192, 0.130607, 0.0832715, -0.0732775, 0.10025, 0.172384, -0.0596587, 0.0025117, -0.0122577, 0.0416204, 0.110434, -0.211011, -0.149748, 
0.0759726, -0.0050174, 0.000508996, -0.136844, 0.0132195, -0.0804473, -0.138406, 0.0458473, -0.156311, -0.0922538, -0.0461561, -0.168998, 0.0394311, 0.263226, -0.0171106, -0.13665, 
-0.186816, -0.0920689, 0.00187879, -0.223805, 0.0200804, -0.0719613, 0.117587, 0.0555136, 0.00365602, -0.0651458, 0.119044, -0.273604, 0.0469966, 0.0195333, -0.128736, 0.0541797, 
-0.0351104, 0.0736854, 0.027264, 0.142043, -0.0905843, -0.10242, -0.0658978, -0.136225, -0.0586407, 0.102839, 0.0615979, 0.110303, -0.231958, -0.00412986, -0.208964, -0.0769318, 
0.0420425, -0.0622028, -0.217215, -0.108061, 0.029409, -0.0841921, 0.0840387, -0.174351, -0.116875, 0.0271385, 0.0633816, -0.193514, -0.205239, -0.163701, -0.0581827, -0.0570852, 
-0.0749469, 0.140598, -0.219978, -0.090853, -0.156803, -0.166072, -0.0275585, 0.00139319, -0.0176723, 0.15117, 0.0103512, -0.10044, -0.0649772, -0.0581361, 0.0513985, -0.147963, 
0.0699205, -0.179909, -0.147996, -0.242478, 0.00477474, -0.0606288, -0.0516322, 0.0817048, -0.149241, 0.0619758, -0.0359113, -0.0935834, -0.041099, 0.217699, -0.0382819, -0.185878, 
0.307179, -0.377628, -0.313147, -0.0183035, -0.266677, 0.286788, -0.111044, -0.00807204, -0.0245449, 0.120684, -0.356127, 0.437032, 0.0781419, -0.166516, 0.384528, -0.097615, 
0.354929, 0.650889, -0.152558, -0.0927368, 0.249916, 0.0654969, -0.253712, 0.0072941, -0.0928618, 0.272934, -0.114269, 0.169143, 0.20208, -0.248112, 0.216433, 0.0656972, 
-0.36188, 0.0369047, -0.0649235, -0.583418, -0.195182, 0.454629, -0.0237524, -0.433468, 0.334541, 0.256459, 0.111842, -0.428989, 0.596605, 0.00998199, 0.46954, -0.58701, 
-0.0713084, 0.125545, -0.31482, -0.420066, 0.563118, 0.364202, -0.185817, -0.582537, 0.282576, -0.0683101, 0.334364, -0.252276, 0.00985007, 0.374485, -0.12308, -0.381255, 
-0.172748, 0.0903764, 0.150667, 0.109404, -0.191437, -0.180044, -0.0136604, -0.159816, -0.0437945, -0.0467904, 0.0552671, -0.283422, 0.251636, -0.156987, -0.212123, 0.0640343, 
0.0592362, -0.134552, -0.0947022, -0.145329, 0.0315333, -0.190297, 0.121361, -0.196269, 0.163431, 0.0969507, -0.197414, 0.194355, 0.201879, -0.105089, -0.172331, -0.139381, 
-0.16987, 0.343358, 0.249193, -0.010468, 0.0669032, -0.202925, -0.161232, 0.182451, -0.116991, -0.126464, 0.238302, -0.0922289, 0.0177432, 0.31021, -0.062103, 0.268323, 
-0.0847832, 0.0529139, -0.176832, 0.0745111, -0.0165099, -0.137507, -0.204123, 0.236914, -0.00607291, -0.232419, -0.363377, -0.0131627, -0.0827049, -0.0363576, -0.32244, -0.190082, 
0.0787624, -0.0820375, -0.232417, -0.0557039, -0.0538033, 0.125208, -0.238241, 0.0205073, -0.169527, 0.110172, -0.0767375, -0.0043237, 0.0458739, -0.154652, 0.00534119, 0.177211, 
0.126997, 0.319884, -0.0767207, -0.181955, 0.370961, 0.266592, -0.327024, 0.0151467, -0.149751, -0.124978, 0.0973217, 0.038582, 0.23404, -0.0269743, 0.406265, -0.0153882, 
-0.145783, 0.202599, -0.277007, -0.305555, -0.139948, 0.23309, -0.196056, -0.158909, 0.192988, 0.0599178, 0.195931, -0.245061, 0.32775, -0.154135, 0.370048, -0.247088, 
0.0804492, -0.0658651, -0.347408, -0.61813, 0.432164, 0.153499, 0.0518567, -0.269083, 0.0786643, 0.0258303, 0.504618, -0.527387, -0.188273, 0.413866, -0.10408, -0.217827, 
-0.00264307, 0.0581709, -0.0504574, -0.108396, 0.0641582, 0.267761, -0.217212, -0.0777666, 0.130472, -0.0816641, 0.0934576, 0.0953292, 0.0373704, -0.0712581, 0.152492, 0.104421, 
-0.210771, 0.104346, -0.163709, 0.108128, -0.0347777, 0.112166, -0.198672, -0.126895, -0.0988644, 0.0291811, -0.0726206, -0.0358445, -0.0848851, 0.0946001, 0.196206, -0.15216, 
0.103126, -0.159769, -0.140903, -0.0490514, -0.136374, 0.0402438, 0.133854, 0.00949008, -0.0763059, 0.0752191, -0.110996, -0.000350027, 0.0300471, -0.0865971, -0.148518, -0.187667, 
-0.040145, -0.10753, 0.130535, 0.0209485, -0.172853, 0.307761, -0.156632, 0.0326097, -0.0974818, 0.187892, 0.0904948, 0.0109615, -0.144696, -0.0272742, -0.0935177, 0.118805, 
0.240925, -0.121006, 0.0044744, -0.0258309, -0.392269, 0.164482, 0.162422, -0.0680519, -0.0816198, -0.032389, 0.298204, 0.0814807, 0.210133, 0.00570381, 0.271002, 0.434963, 
0.309264, -0.0913146, 0.348917, -0.297467, 0.328221, -0.0456926, 0.271674, -0.280903, 0.405574, 0.272526, -0.0490134, 0.346465, 0.341677, -0.167349, -0.356043, 0.0231118, 
-0.0477627, -0.0503746, 0.49188, -0.155045, 0.319535, -0.072217, 0.103011, -0.148576, -0.178902, -0.205928, 0.122422, -0.157558, 0.312807, 0.356458, -0.164892, 0.0760945, 
-0.193061, -0.0723873, -0.180289, 0.0570369, 0.270472, -0.279946, 0.0638025, 0.00543477, -0.117419, -0.22804, -0.221752, -0.0668693, 0.0160805, -0.260172, -0.172612, -0.39764, 
0.24786, -0.269429, 0.28178, -0.0937827, -0.0565086, -0.273129, 0.212316, 0.0533858, -0.186281, 0.0496068, -0.133504, 0.0730533, 0.0270194, 0.0239464, -0.0542769, -0.00774086, 
-0.0854711, -0.141026, -0.100583, 0.0108094, 0.0233941, 0.116541, -0.103613, -0.145354, 0.00694506, 0.185731, -0.0706325, 0.19012, -0.00422007, -0.46821, 0.0173039, 0.140246, 
-0.278611, 0.0186527, 0.11212, -0.186568, 0.0592325, -0.0846308, 0.141664, -0.049263, -0.226716, 0.12484, 0.191102, -0.144866, 0.00511816, 0.371165, 0.0939192, 0.260191, 
-0.00490921, -0.111416, -0.073658, 0.047187, 0.07175, -0.312016, 0.134941, -0.0303761, -0.17623, 0.186113, 0.113215, -0.0665083, -0.215154, 0.0936001, -0.215098, -0.401588, 
0.109237, 0.192755, -0.324482, -0.18726, -0.114907, 0.163337, -0.257921, 0.133282, -0.0510192, 0.183732, 0.10951, 0.221413, -0.23267, 0.0523899, 0.368779, -0.184683, 
0.0734232, -0.0713909, -0.388615, -0.306001, -0.0609169, -0.0952162, -0.0217317, 0.166443, -0.291654, -0.0345722, -0.0940574, 0.0305827, -0.111355, 0.148481, 0.466699, 0.153316, 
-0.243175, -0.200176, -0.391202, 0.175033, -0.337166, 0.0648943, -0.187727, 0.097521, 0.486986, 0.357183, -0.236154, 0.173061, -0.0797312, -0.0956936, 0.195491, -0.185504, 
-0.163652, 0.123088, 0.00115252, -0.00630547, 0.187154, 0.0791418, 0.0914538, 0.106106, -0.00737676, 0.265782, 0.167168, -0.181559, 0.00344958, -0.0519411, -0.0138823, 0.519266, 
-0.17836, 0.0916481, 0.135323, 0.0320979, -0.239852, 0.0412094, 0.3597, -0.0828442, 0.0108454, -0.126429, 0.515116, -0.336416, 0.374354, -0.00932553, -0.0993614, 0.332982, 
0.244365, -0.501183, 0.341201, -0.0926127, 0.126779, -0.278288, 0.343098, 0.151984, 0.259917, -0.00831272, -0.1355, -0.0573498, 0.0279604, 0.152341, -0.14885, -0.0478592, 
0.380257, 0.169309, 0.311089, 0.0894889, 0.295095, -0.136165, 0.0763456, -0.0667171, -0.242533, -0.491571, -0.167283, -0.110237, -0.000897751, 0.0233272, -0.540767, 0.21467, 
0.125226, -0.114686, 0.412101, 0.209518, -0.161803, -0.498143, -0.123444, 0.506896, -0.419862, -0.0536403, -0.517734, 0.0413401, 0.0435405, -0.285934, 0.189639, 0.123848, 
0.379978, -0.473338, 0.150073, 0.0594733, 0.269991, 0.154032, 0.159211, -0.0627806, 0.15685, 0.0126819, -0.323877, 0.141078, -0.0875071, -0.106707, 0.178166, -0.195206, 
-0.0637889, 0.0423202, 0.198606, 0.181135, 0.344072, 0.221974, -0.225396, -0.353881, -0.0159682, -0.0108812, -0.143902, 0.0210732, 0.271302, -0.326067, -0.01105, -0.0602861, 
-0.0589209, -0.25416, -0.0164069, -0.103591, 0.10381, 0.123767, -0.181456, -6.29503e-05, -0.0304286, 0.247777, 0.0163103, 0.103277, 0.0647749, 0.0599417, 0.241643, 0.0663785, 
0.0137935, 0.0828646, -0.512425, -0.393485, 0.456025, 0.24423, -0.0577333, -0.225593, 0.342482, 0.251584, 0.290378, -0.0436867, 0.126076, 0.376587, -0.164601, -0.428269, 
-0.382925, -0.0152361, -0.272974, -0.044519, 0.0365445, 0.176283, -0.046437, -0.0180086, -0.0811173, -0.205676, -0.0560521, -0.00233875, 0.0930497, 0.0145128, -0.0320641, 0.0453306, 
0.0822199, 0.157449, -0.0400406, -0.0318868, -0.20997, -0.0960932, 0.0263807, -0.0503144, -0.0509719, 0.045234, -0.00257885, -0.116152, -0.0305515, 0.391208, 0.137294, 0.155624, 
0.459393, -0.317799, -0.234561, 0.07091, -0.0857065, 0.0184701, -0.0383815, 0.137792, -0.0395413, -0.124253, -0.024389, 0.331323, -0.0757328, -0.317785, -0.123374, -0.0805682, 
0.0278956, -0.0471558, -0.096443, 0.342749, -0.256446, 0.152683, 0.035214, 0.126073, 0.023682, -0.107196, -0.225215, 0.333211, 0.113695, -0.173182, 0.344495, 0.608158, 
-0.158247, -0.212689, -0.108542, 0.0826739, 0.106373, 0.165821, -0.028271, 0.0464419, -0.066536, -0.230766, -0.108149, 0.115536, 0.147328, -0.113377, 0.104493, 0.131204, 
-0.0269569, -0.0150682, 0.0768583, -0.120478, -0.0981874, 0.103976, -0.0137294, -0.0512965, 0.0791851, -0.0360515, -0.16835, 0.0390377, 0.0272329, 0.063678, -0.0290633, -0.0980495, 
-0.0860135, -0.118593, 0.064083, 0.0661918, 0.0720723, 0.0433207, -0.0203395, -0.1171, -0.0346288, 0.156219, -0.256253, -0.0231292, 0.0171581, -0.261672, 0.0845181, 0.0676869, 
-0.0344013, 0.161794, -0.146376, -0.0131851, 0.125574, 0.174587, -0.204111, -0.03164, -0.0444622, -0.0711862, -0.0828774, -0.239315, -0.10772, -0.126372, -0.0457958, -0.0901394, 
-0.050816, 0.228966, -0.0999458, 0.112152, -0.184418, -0.0977681, -0.0845458, -0.0521596, -0.107116, 0.00960109, 0.0202845, -0.184173, 0.0689127, -0.112556, -0.105216, -0.0643515, 
-0.158634, 0.0869161, -0.0843641, -0.00790496, -0.231379, 0.0850134, 0.177142, -0.266089, -0.181671, -0.122268, 0.0528942, -0.0911271, -0.114376, 0.120225, -0.0290214, -0.0471485, 
0.00529115, -0.0779405, 0.0369597, -0.0284305, -0.153337, -0.125633, 0.161686, 0.0853928, 0.146427, -0.206041, -0.196674, 0.0490814, -0.0213284, -0.103852, -0.145691, -0.00766488, 
-0.0168696, -0.127321, 0.122026, 0.0584166, -0.173788, 0.113627, -0.151145, 0.109605, 0.055174, -0.228044, -0.0899729, 0.0197207, -0.0568071, -0.214917, -0.0506546, 0.0411151, 
0.0295692, -0.0988607, 0.0490001, -0.0178183, 0.107262, 0.120726, -0.07897, -0.0553277, -0.0131148, 0.105866, 0.207312, -0.17296, 0.0260415, -0.0393713, 0.118859, 0.0452993, 
0.0444782, -0.113434, 0.112737, -0.0950562, 0.0318184, 0.188828, 0.0979198, -0.155877, 0.233582, 0.108846, -0.00976722, 0.176013, 0.166774, -0.114307, 0.0634317, -0.0142776, 
-0.121148, -0.0258611, 0.140264, 0.0949512, 0.156356, 0.0730292, 0.0931728, -0.0843045, 0.235579, -0.0267862, -0.14277, 0.0336975, 0.00832166, -0.1147, -0.227725, 0.0150276, 
0.0303121, 0.0401872, 0.116899, 0.0984297, 0.0147564, -0.042273, 0.0445967, 0.231801, 0.180714, 0.0838214, -0.262336, 0.295905, -0.0716627, -0.234342, -0.143809, -0.0475348, 
-0.158591, 0.0184442, 0.0781385, -0.153316, 0.16966, -0.256374, 0.00869436, -0.0528174, -0.147054, 0.12282, 0.108489, -0.0626551, 0.00775474, 0.137648, 0.0429453, 0.0441037, 
-0.0302167, -0.0926657, 0.0301118, 0.119173, -0.00028852, -0.236219, -0.0716506, -0.0492755, -0.0233436, -0.03316, -0.16868, -0.117988, 0.102807, 0.136764, -0.0841181, -0.188217, 
-0.0842089, 0.0878193, -0.0981342, 0.272576, -0.0398012, 0.0725082, -0.087661, 0.126498, -0.102751, 0.0730767, 0.0207626, 0.161133, -0.192509, 0.0504625, 0.141324, 0.193388, 
-0.0246743, 0.0728658, 0.0622194, 0.0665091, 0.0134891, -0.212754, -0.164279, 0.138586, -0.01177, -0.146112, 0.0662456, -0.140504, -0.0352073, 0.0181488, -0.122469, -0.147326, 
0.0443629, 0.140981, -0.135529, -0.0684762, -0.0541572, -0.00234204, 0.142352, 0.0432955, -0.185848, 0.234887, -0.0586146, -0.0319525, -0.0275846, 0.13567, 0.167402, 0.123618, 
0.328483, -0.16425, 0.155944, -0.207458, -0.0660258, 0.0498969, 0.217575, 0.125109, 0.276514, 0.181112, 0.127471, -0.0516955, 0.138288, 0.0232692, 0.231044, -0.127265, 
-0.109002, 0.131768, 0.205292, 0.0628219, 0.19185, 0.172872, -0.0433502, -0.0555819, 0.0865474, 0.295685, 0.202334, -0.128917, 0.0846094, 0.0626176, 0.0401168, -0.113458, 
-0.170577, -0.106957, -0.125916, -0.225976, 0.274177, 0.0981701, 0.0701425, 0.127458, 0.0570327, -0.0164387, 0.177139, -0.230984, -0.0486405, 0.14689, 0.0354965, 0.0493665, 
-0.0190858, -0.0748512, -0.0326724, -0.190338, -0.157227, -0.0667692, -0.167217, 0.0497682, -0.065051, 0.165292, 0.295635, -0.134827, 0.151973, -0.178942, -0.0831604, 0.172559, 
-0.165323, -0.157737, -0.176176, 0.0117408, -0.0530977, 0.0645594, 0.210735, -0.130901, 0.171369, 0.0391748, -0.092965, -0.138181, -0.000642479, 0.175247, 0.0235634, 0.0684204, 
-0.0348631, 0.105574, -0.0706506, 0.150494, -0.093089, -0.0822117, 0.159018, -0.22531, -0.117674, -0.0994892, 0.107472, 0.218319, 0.117077, -0.00919707, -0.163183, -0.16495, 
-0.211846, 0.169452, 0.128179, 0.0774594, 0.0395971, -0.156277, 0.124582, -0.091151, -0.0181459, 0.0204663, -0.199164, 0.0754861, -0.140463, -0.115, 0.1029, 0.0586306, 
0.214291, -0.00273118, 0.159983, -0.0945369, -0.108824, -0.213288, -0.137337, 0.141964, 0.119493, 0.218706, 0.0103534, 0.16648, -0.371131, 0.078299, 0.16615, -0.0560995, 
0.0642728, -0.0879524, 0.139963, -0.112455, -0.0136758, -0.0101589, 0.0318617, -0.104315, 0.0208721, 0.0161786, 0.117063, -0.0312746, -0.124463, -0.0141511, 0.135661, -0.154846, 
-0.10229, -0.107242, -0.00240845, 0.216264, -0.0740645, 0.114635, 0.0811467, 0.18169, 0.0867923, -0.0561532, 0.229101, -0.0585532, -0.0629975, 0.104505, -0.0570566, 0.0451528, 
0.0602592, -0.136526, 0.0597545, -0.119152, 0.10907, -0.148677, 0.054157, 0.118609, 0.157518, 0.30535, 0.144228, -0.0321104, -0.180505, 0.0359331, 0.00692291, -0.224401, 
0.254529, -0.0115473, 0.216178, -0.167583, 0.233451, -0.068911, 0.137648, 0.0744742, -0.198612, -0.153702, -0.207892, 0.182281, -0.225289, -0.111732, 0.160996, -0.267961, 
0.00339507, 0.0637298, -0.0723718, 0.198043, 0.163044, 0.0367778, -0.161968, -0.266192, -0.150006, -0.0400414, 0.0395706, -0.0145908, 0.18887, -0.259012, 0.196214, -0.182697, 
-0.108436, 0.0385452, -0.198458, -0.12759, 0.0391117, -0.159498, -0.167318, -0.0843911, -0.0112295, 0.266746, 0.167752, -0.171558, 0.0674498, 0.208234, 0.299864, 0.0962802, 
0.120092, 0.0763731, -0.209613, -0.0211103, 0.0742551, -0.0215087, -0.0527634, -0.187022, -0.0773719, -0.112894, 0.272559, -0.0343494, -0.116117, 0.137316, -0.000299535, -0.167846, 
-0.110946, -0.331569, 0.200835, -0.00321157, 0.163528, 0.352662, 0.17482, -0.0816743, 0.0075492, -0.0354143, -0.230604, 0.182501, 0.418218, 0.0972144, 0.286925, -0.124094, 
-0.0921625, 0.166484, 0.412553, -0.245242, 0.115009, -0.115782, -0.0826557, -0.314511, 0.317806, 0.326452, -0.155223, 0.192355, 0.382606, -0.117281, 0.0293501, -0.0783017, 
0.140545, -0.228329, 0.195064, -0.197096, 0.387338, 0.0832513, -0.15741, -0.13988, 0.0752022, 0.122049, 0.129005, 0.0317701, 0.127502, 0.401962, -0.133542, 0.299477, 
-0.0420223, 0.0988317, 0.141133, 0.510583, -0.247128, 0.0844949, 0.0418489, -0.236232, 0.269156, 0.184209, -0.155588, 0.104313, -0.0554172, -0.151571, 0.0276256, 0.334627, 
-0.179028, 0.355211, -0.0513969, -0.0816633, 0.0302145, -0.176586, -0.0648918, -0.133148, -0.00542165, 0.0246266, 0.352132, -0.428811, 0.108872, -0.048919, -0.240305, 0.203223, 
0.230666, -0.307155, 0.198113, 0.163286, -0.223522, 0.0521781, 0.279003, 0.407478, 0.221335, -0.226484, -0.1715, 0.278484, -0.0298066, 0.263164, -0.13717, 0.0567295, 
0.228354, 0.138179, 0.0488944, 0.125359, 0.0574616, -0.144586, -0.186997, 0.156171, -0.245018, -0.258295, -0.110885, 0.122888, -0.0159466, -0.325065, -0.224881, 0.176645, 
0.0104578, -0.00321195, 0.242377, 0.138391, -0.120993, -0.289336, -0.0247202, 0.297009, -0.169483, -0.133318, -0.103027, 0.149129, 0.13377, -0.292094, 0.253849, 0.161298, 
0.0427646, -0.170248, 0.0552719, 0.0800927, -0.0388541, 0.165569, 0.139247, 0.100734, -0.0878129, -0.0882282, 0.280163, -0.122542, 0.0956916, 0.0914794, -0.10776, 0.035431, 
-0.10039, 0.112837, 0.222159, 0.0757851, 0.105401, -0.0122397, 0.145516, -0.107407, 0.192615, 0.187906, 0.00176478, -0.0680563, 0.242985, 0.0747436, -0.143571, 0.118528, 
0.153702, 0.0709506, 0.206931, -0.120332, 0.245164, 0.0179461, -0.0280998, -0.00879504, -0.0965177, -0.0607358, -0.189725, 0.222487, 0.107321, 0.0565308, 0.0862307, 0.114541, 
-0.0209748, -0.108723, -0.0536081, 0.0630408, -0.0943555, 0.00312783, 0.0266031, -0.00523458, -0.159527, -0.0496122, -0.138406, -0.0616283, 0.125903, -0.0304248, 0.0603891, -0.00615922
