0.3392, 0.102767, -0.213609, -0.149625, 0.00161347, 0.27486, -0.0769215, -0.0420852, -0.0899941, -0.0199483, 0.0926512, -0.123948, 0.0245653, -0.101402, -0.189401, 0.117677, 
-0.16074, -0.0507334, 0.015955, 0.0764875, 0.0717463, 0.0791205, -0.207576, 0.0413635, -0.499936, 0.288218, 0.270877, -0.15367, -0.0284487, -0.19956, 0.170026, 0.243777, 
-0.0949796, 0.14395, -0.364841, -0.114307, -0.00141645, 0.0660523, 0.142361, 0.163357, 0.0494934, -0.186533, 0.0165436, 0.0294387, 0.144412, 0.0307969, -0.0175254, -0.0219319, 
0.28995, 0.182045, -0.0616271, 0.265697, 0.0111256, 0.203891, 0.0335587, 0.0447915, 0.0480255, 0.207424, -0.000793977, 0.015848, -0.201285, 0.0259979, -0.147897, 0.163528, 
0.105214, -0.128668, 0.0457561, 0.0768959, 0.185117, 0.206633, 0.509467, 0.0696569, -0.412231, -0.184269, 0.0618154, 0.113887, -0.0581761, -0.0190826, 0.0572842, 0.147904, 
0.00885926, -0.027291, 0.181213, 0.278516, -0.00303786, -0.0594703, 0.184821, 0.0158991, 0.282183, 0.159248, -0.0823692, 0.124316, -0.16228, 0.161696, -0.2701, -0.124028, 
0.00332799, -0.0526566, -0.123832, -0.144443, -0.15886, 0.265246, -0.0552836, 0.056483, 0.123335, -0.288435, -0.178324, -0.0876581, -0.195015, 0.0447059, -0.0221175, 0.00965723, 
-0.0569285, -0.0383774, -0.170277, 0.0878679, 0.120723, -0.0988549, -0.416657, 0.089847, -0.135781, 0.108609, 0.189966, -0.345678, 0.0764533, 0.0750852, -0.0529517, 0.590928, 
-0.379122, -0.144602, -0.542868, -0.323116, 0.0265512, 0.0804721, 0.202153, -0.0377486, 0.0129036, -0.212228, 0.0920704, -0.125324, -0.131529, -0.215323, -0.00440814, 0.282683, 
0.0273996, 0.360962, 0.00433249, 0.424658, -0.218081, 0.0767388, -0.0594975, -0.0232901, -0.041662, -0.085765, 0.0339024, -0.0591504, -0.124558, 0.0536275, 0.275528, -0.208257, 
0.374812, -0.147512, -0.143709, 0.3337, 0.398142, -0.410126, -0.410029, -0.108896, 0.00583989, -0.186994, 0.212915, 0.147691, 0.0425072, 0.098996, -0.132869, 0.249249, 
0.0563016, -0.306714, -0.298533, 0.202866, -0.463444, -0.366279, 0.216742, -0.304337, -0.138532, -0.00718695, -0.0466372, -0.184942, -0.108692, -0.184374, 0.324678, -0.407869, 
0.0105625, -0.180014, 0.0107254, -0.0854395, -0.0696341, 0.0816825, -0.0731207, -0.190711, 0.284967, -0.408488, 0.502857, -0.00691362, -0.211916, 0.068847, -0.353798, -0.194256, 
0.0640796, 0.175172, -0.0851459, -0.090251, 0.0350758, -0.377468, -0.192129, 0.113787, -0.0148187, 0.02864, -0.195433, -0.0889992, 0.0811792, -0.106137, -0.0925339, 0.00390654, 
0.118467, -0.00395231, -0.0637509, -0.334454, -0.0643137, 0.0798971, -0.139601, -0.0894741, -0.0210325, -0.172763, 0.124099, 0.0338332, 0.12633, 0.0024392, 0.00486623, 0.196861, 
0.24338, 0.315016, -0.121557, 0.386747, 0.0968677, 0.139378, 0.0632714, -0.0472463, -0.0985086, -0.289583, 0.144967, -0.0462864, 0.114763, 0.117488, 0.128899, -0.155615, 
0.483223, -0.156983, -0.118217, 0.184066, 0.241491, -0.564289, 0.295201, 0.0540544, 0.0685855, -0.232843, -0.214762, -0.104491, 0.243103, 0.257681, 0.0200068, 0.0798841, 
0.0889586, -0.781695, 0.0181567, 0.000851537, -0.333271, -0.106267, 0.134417, -0.434559, 0.268993, -0.208913, -0.00552042, 0.191103, 0.0974655, -0.382936, 0.0556288, -0.136815, 
0.304343, 0.169738, 0.177104, 0.144312, 0.215381, -0.0411263, -0.1713, -0.01311, 0.0195528, -0.0087027, -0.123799, 0.179855, 0.0454486, 0.0755937, -0.0935968, -0.0373322, 
0.0487744, -0.0926588, 0.0736146, 0.112139, 0.189309, -0.0815414, 0.0611724, -0.00927728, -0.173145, -0.15753, -0.145255, 0.145665, 0.0406125, -0.596284, 0.371049, 0.0961834, 
0.224073, 0.21989, 0.113256, 0.0679756, -0.0147223, -0.0677586, -0.165764, -0.0409628, 0.0456833, -0.127998, -0.0731656, 0.0366806, 0.0642377, 0.128165, -0.340289, 0.0976619, 
-0.0775734, -0.0371548, 0.260806, -0.0896719, -0.000896079, -0.246486, -0.136166, 0.0985544, 0.208751, 0.186939, -0.0440333, 0.11104, 0.0107728, 0.0400366, -0.0814222, -0.0209707, 
-0.082947, -0.024532, -0.139425, -0.101387, 0.0303407, 0.101702, -0.106025, -0.0532922, 0.152529, -0.222032, -0.107364, 0.0471072, -0.0125226, -0.143484, -0.0400792, -0.011745, 
0.246489, -0.0863917, -0.109512, 0.178465, -0.23427, -0.081225, -0.192311, 0.137616, 0.231471, -0.0918761, -0.142068, 0.309978, -0.0221219, -0.226083, -0.291233, -0.168984, 
0.0714453, 0.221353, 0.144234, 0.0124748, 0.0625512, -0.244781, 0.0337121, 0.0264058, 0.120183, 0.075005, -0.0515484, -0.05847, -0.13521, -0.120373, -0.000600865, -0.101227, 
0.0158747, -0.272587, -0.205671, 0.142802, 0.198099, -0.108959, -0.565574, 0.0260926, -0.070878, -0.159989, 0.120274, 0.262556, 0.349697, -0.194197, 0.387817, 0.315769, 
0.099469, -0.0720553, -0.0983471, -0.102647, 0.106874, -0.117552, 0.0040871, 0.102112, -0.168434, 0.266709, -0.075693, -0.153541, -0.0773519, 0.167006, -0.0570888, -0.00809845, 
-0.203278, -0.127486, 0.180392, -0.249218, 0.208638, -0.195091, 0.13579, -0.132643, -0.22327, 0.105288, 0.0973052, 0.0563245, 0.0059927, 0.0469212, 0.0721788, -0.0767879, 
0.139243, -0.187795, -0.0601415, -0.0375721, -0.0914557, -0.0267973, -0.109781, -0.143067, 0.0918839, 0.222652, 0.0536305, 0.119529, -0.00181649, -0.0435656, 0.0446391, -0.0720154, 
0.00609881, -0.131406, -0.344927, -0.0658588, -0.443865, -0.247857, -0.0711339, -0.456854, -0.00168311, -0.0287885, -0.255489, 0.210997, 0.178414, -0.130534, 0.169439, -0.1807, 
0.211086, 0.102368, 0.210091, 0.124043, -0.105598, 0.0357601, -0.15674, -0.132746, 0.0652312, 0.0295083, 0.0531136, -0.105845, 0.139082, -0.0913929, 0.0645779, 0.0559724, 
-0.155602, -0.0737806, -0.019728, -0.00429313, 0.144087, 0.0399857, 0.119432, 0.262713, 0.476337, -0.0251573, 0.0583246, 0.0489524, -0.0271688, -0.364064, 0.0364984, 0.169985, 
0.372322, -0.125468, 0.189694, -0.110862, -0.228433, -0.00423923, 0.0653248, 0.228503, -0.0374897, -0.158789, -0.17664, 0.0143768, -0.153287, 0.17007, -0.123625, 0.29757, 
-0.186756, 0.0779181, 0.03356, -0.253881, 0.259099, 0.00911216, -0.22998, -0.140089, 0.0878042, 0.158383, -0.0202535, -0.225641, 0.235094, 0.305958, 0.118471, -0.0550409, 
-0.197704, 0.0843529, 0.126095, 0.0839703, 0.0297884, 0.0223066, 0.0354767, -0.151525, 0.646238, -0.041281, 0.317388, -0.212995, -0.211832, -0.359025, -0.360674, -0.0340205, 
0.167849, -0.254179, 0.0787023, -0.403241, -0.0528869, -0.286589, -0.10393, -0.208522, -0.03914, -0.0712736, -0.168096, 0.00313129, 0.0183787, 0.0525207, 0.13057, -0.117442, 
-0.0057387, 0.223054, -0.0373122, 0.0778055, -0.133418, 0.0555172, -0.0569872, -0.24365, 0.0400468, -0.281234, -0.0878592, -0.0779248, 0.0746432, 0.151, 0.318029, 0.0323262, 
0.0461903, 0.0855268, 0.119265, -0.522424, -0.0514249, -0.0358565, 0.320388, -0.130854, 0.173586, -0.128824, -0.142659, 0.314207, 0.14153, 0.0262619, -0.162315, 0.270345, 
-0.144843, -0.286886, -0.149595, -0.258434, -0.109003, 0.0835927, 0.160884, -0.243682, 0.0774423, 0.136724, -0.153855, -0.0265865, -0.104717, -0.0125658, 0.105913, 0.0424855, 
0.0369856, 0.131553, -0.187206, -0.116766, -0.0456006, 0.0258992, 0.0468917, -0.175179, -0.0217349, -0.0385317, -0.0538079, -0.0636733, -0.0910328, 0.0312608, -0.225992, 0.105399, 
-0.0871342, 0.0524076, -0.103965, -0.0526388, -0.0232782, 0.18667, -0.253309, -0.246223, -0.312027, 0.136188, -0.0206853, 0.382957, -0.174361, 0.170956, 0.0395413, -0.108684, 
-0.0379624, -0.0946878, 0.143479, 0.086206, 0.187102, -0.0778017, 0.0334894, 0.112834, -0.150784, -0.0547012, -0.102512, 0.392591, 0.0396883, -0.215451, -0.124951, 0.236434, 
0.189915, -0.183223, -0.039912, 0.00107751, -0.241946, 0.131277, 0.419269, -0.214701, -0.332031, -0.277791, -0.089085, -0.145229, 0.0152616, -0.0409546, 0.00184319, -0.235204, 
0.0214515, 0.0544205, 0.086669, -0.281072, -0.343955, -0.219769, 0.169124, -0.174251, 0.271437, -0.121925, -0.221418, 0.0488238, 0.123193, 0.0210374, 0.0901902, -0.175078, 
-0.230232, -0.090591, -0.0495821, -0.747306, 0.125392, 0.109948, -0.112539, 0.00663597, 0.23587, 0.140345, -0.420616, 0.195381, 0.0787958, 0.132535, 0.0532983, -0.234173, 
-0.0597313, 0.145574, -0.174711, -0.265527, -0.189437, 0.112455, 0.14267, -0.229762, -0.470903, -0.120986, 0.0892573, -0.0704968, -0.0351634, -0.166254, -0.17662, 0.0153613, 
-0.307532, -0.00770012, 0.371286, -0.185288, -0.023776, -0.0533562, -0.269953, -0.0854129, -0.169918, 0.158088, -0.215578, 0.200463, -0.133129, -0.0390571, 0.0909201, 0.0545621, 
-0.271867, -0.1401, -0.139588, 0.191931, 0.233866, -0.137341, 0.09894, 0.385866, -0.0980814, 0.050295, -0.0310556, -0.174374, -0.0767489, 0.125336, -0.173863, -0.0425514, 
-0.0719592, -0.176483, 0.299455, 0.0508688, 0.0633368, 0.104377, 0.187031, -0.092972, 0.193512, -0.0547675, 0.126723, -0.190735, 0.0790836, -0.00251493, 0.00981021, -0.467103, 
0.195112, 0.263668, -0.228498, 0.011034, 0.0732139, -0.0414805, 0.467179, -0.118269, -0.0131431, -0.0149328, -0.35584, -0.0404695, 0.212271, 0.0301166, -0.365338, -0.0950727, 
-0.169302, -0.0535368, 0.0716475, 0.0479495, 0.138604, -0.175068, -0.44737, 0.133708, 0.224693, 0.119281, -0.201003, -0.0485888, -0.0690373, -0.135102, 0.133704, -0.136699, 
0.0919858, 0.0954212, 0.0895562, -0.00786507, -0.241287, 0.013001, 0.10089, -0.115162, 0.111272, 0.123643, 0.0180498, -0.0940128, 0.0177549, 0.208083, 0.0446833, -0.00906448, 
-0.127224, 0.069847, 0.547546, -0.0361503, -0.278995, 0.0408717, -0.128828, -0.0503354, 0.3001, 0.186378, -0.106226, -0.036668, -0.157403, -0.209833, -0.152922, -0.13784, 
0.0740388, -0.118405, 0.0749513, 0.0411559, -0.0277962, -0.115039, -0.102477, 0.392945, -0.201117, 0.117479, -0.241794, 0.143717, 0.226525, -0.111743, -0.353306, -0.348009
